{"data":[[0.25544832587,0.20774925159,0.81748960795,-0.85990379062,0.32599673292,-0.69692945922,0.20720127735,-0.16360060953,-0.24924616962,-0.20108583898,-1.2870336959,0.16561483528,-1.5185926505,0.99877521201,1.3227932605,0.18296571603,0.70923154383,-0.35031541937,0.53209656128,1.3749435621],[1.2839914537,-0.83597450417,0.89721262533,-1.6811862425,2.5352918459,-2.0704393154,-1.5321500461,1.8873049284,1.8135038042,-0.96035768952,-1.8414697645,-2.114623784,-1.8872879032,1.960447296,0.65652823259,-2.4071960083,0.99619176317,-0.87415175499,-2.1416152073,1.6197216518],[2.183685767,0.19128286579,1.8470250321,0.19146159669,1.3842042667,-0.78529705845,-1.2880787199,2.4212400476,1.1679627225,-0.069382539748,1.6106977732,-0.23627847095,-0.56751206438,1.7392986947,0.16184711557,-0.29967427933,0.90224574672,0.16413185837,-0.24444818394,-0.78970895007],[2.0220817012,0.76520895068,0.85945022344,-0.62291547243,0.94033450154,-1.3001726566,-1.0673909696,0.53184448286,-0.025427176413,1.790677811,-0.3104455064,-0.73267962508,-1.7258790069,1.3875633823,-1.4443350685,0.46613697835,0.87351301137,-0.69976134413,-0.76766287386,1.5241169856],[1.1072432837,-0.30383383373,1.6207870015,2.3519629344,-0.58792545292,0.14655921155,-0.40723018961,-0.032636620549,-0.72828667907,-0.91008421307,-0.34129310979,0.47260003374,1.0924650421,-0.3933360494,-0.033142690939,-0.83891039005,0.31713419629,0.23329381073,-0.014951308553,-0.99877528501],[-2.1845267827,-0.68851246767,-0.027972229256,0.092229436783,-0.075383667752,-0.44217177238,-0.14827478883,-0.84596333192,0.19158710493,-1.522632506,0.28424665118,0.80799938691,-0.34506503172,-0.92748842377,1.2658534608,-0.49891876995,1.743528269,0.29984184599,-0.49526859578,0.98935192252],[-0.21594949871,-0.80446772489,0.25253200216,-0.84806152724,-1.3021735774,0.3836133414,0.012594325573,-0.5040044012,-1.9453970042,-1.3427856204,2.6992979126,0.76700909756,0.25829825658,0.09035837736,0.19516726579,0.57522204884,-0.50103530928,1.4094991628,1.2259957229,-1.3572618971],[-2.2021371673,-0.11080349103,-0.74926340422,0.031278504054,-2.3062811847,2.1314893017,1.3671839261,-2.0241846203,-1.2114731548,-1.0191075324,0.28969214167,0.65878671684,1.346089903,-2.0632222222,-0.20817909981,1.8917101583,-0.74785582397,0.94534051529,1.3997531665,-1.5387419468],[0.37441167644,-1.2355606843,-1.3905572776,1.4278636146,-0.68406126023,0.74646816495,-0.53667583623,-0.5804671692,0.65942888907,-0.22399980006,0.14548139129,-0.27874522736,0.94083765886,-0.2177018128,2.3166279571,0.51673505742,0.36330181503,-1.0363338769,-0.37025943393,-0.97306408494],[-1.7261902171,-0.20882988979,-0.0082018276669,-1.3690094708,-0.99357531559,1.6578820414,1.0605184852,-1.4796621196,-1.0107040272,-0.18385343682,0.11085696151,1.2591239997,0.11499276809,-1.5131644034,0.87697115664,2.091473029,-0.99536006802,1.6248082925,0.94790933816,-0.87022248273],[0.054777386797,-0.072092336441,1.1573182737,0.054423791215,0.65167807604,-1.2156670539,-1.4144843115,0.626967994,-0.84065701574,-0.067558122661,-2.3832977391,-1.0734502934,-1.2768645099,0.0058826300531,-1.6437189749,-0.057853472256,0.055795231386,-0.82844942289,-1.155376256,-0.068541292202],[0.81745139028,0.556117989,2.2115513784,1.0855191896,0.87051650839,-1.4456006529,-1.6363220468,1.5588085086,1.1063280154,-0.48479929995,-0.25010659152,-1.4211116502,-1.2565036729,1.6914346988,0.17051582839,-0.65182974559,1.2851509233,-0.53905866999,-2.29261588,-0.10803603951],[-1.0619513455,-1.4393427507,-2.2990520604,0.59070575395,-1.1503360223,1.0422193437,2.0331068211,-1.7555374961,-1.8773314503,-0.192864437,-2.2191481331,0.58818567293,0.80096495206,-1.2530714869,1.0732469344,1.3380868624,-0.074432205612,0.0961630002,-0.017434765774,0.047185663187],[0.11148532901,-0.55010942484,-0.010732080164,0.88328507222,0.40236324959,-0.34110908723,0.56136540995,0.24688532713,1.0980868176,2.1049096604,-0.93130510603,0.5324686179,0.88245388551,0.25577090859,-0.0023846760029,-0.25519000178,0.037601506393,-1.4609285729,-0.45854006719,-0.21965549412],[1.4842476758,-0.18076149701,0.19883844909,-2.7815504447,1.5126701944,-0.48540067014,0.41776396542,1.2095616044,0.0067936401612,2.1787673093,-3.0405658141,1.383254634,-2.1797087039,1.1046419138,0.38615267067,0.88652380404,-0.22156595996,-1.304540367,-0.61718924653,0.10375373923],[0.20382888855,-0.68497400968,0.182630329,1.1994610553,-0.47065189472,-0.61915235538,-0.76367171597,0.91390897483,-0.013819276719,0.15671227549,1.4994684252,-0.55962803201,-0.31073594663,-0.26909418295,-1.118464875,-0.77886750166,0.59655498495,-1.404917948,-0.37063269058,0.15265981184],[-0.29483386966,0.29943501515,-0.79817882338,0.67082272843,-1.040180872,1.3681536957,1.4225967021,-0.94026665685,-0.629042638,-0.32839625967,1.1089667248,0.07788563341,0.61308836429,-1.8926092866,1.4899360463,-0.20285102937,-0.66225578737,0.18993321268,1.6595361207,-0.37032132186],[0.7924719806,-0.012624977245,-0.50365328662,-0.70238914691,0.50626002233,-0.55083906329,-0.072040820786,0.39593656378,0.35326653664,1.3602381419,-1.096854522,-1.8294553818,-0.59879238646,0.70958670492,-1.4147227889,-0.48057542768,-0.22703103969,-1.3252323476,-0.70627395736,-0.49115857786],[-0.28303708272,1.7711380274,-1.1107174144,-0.04242543085,0.13821301039,0.6272925048,-0.816120838,0.048353865828,0.52199051219,-0.045810693315,0.3669595444,1.7841645159,-0.31995549911,-0.036352406663,0.7268588602,-0.21614415604,0.43811436879,1.1518270961,-0.37119969958,-0.63076154723],[1.6470442452,0.31189694908,1.3391922302,-0.94233625556,2.128632141,-1.810497637,-2.0613362002,2.2332401078,1.2427228859,0.923727475,-0.29657698588,-1.5495464039,-0.684899925,1.5623084263,0.05562594877,-0.51303288161,0.85303297507,-0.22303633105,-2.3071585541,-0.068814457365],[-2.1819768067,0.89344220466,-1.4951282934,-0.59127237622,-0.62500408121,1.0705472303,1.7900787582,-0.73487248582,-1.0432624923,-0.076907982288,-0.52810738678,-0.6196953979,0.8389614856,-0.48425770798,0.94788292893,0.53923082257,-0.14062579649,2.3749944012,0.73120704202,-0.54066620727],[0.2522034585,-1.7617593608,0.64811295882,0.029013445008,0.20743291276,-1.1960321327,-0.72923645393,0.67420088255,1.5675508098,-0.72170739576,-0.72717479891,-0.64596842082,-0.0057922235819,0.67251590866,-1.0580658271,-0.71973106307,0.23661430292,-0.19141652259,-0.42576795455,-0.6670594185],[-0.104041859,2.3315871806,0.12528916292,-0.49093870866,0.98897110363,-0.47361363471,-0.83798324028,0.35193296656,1.841343387,0.13823130787,-0.50081067183,-1.2976515028,-0.92149337383,0.22514435225,2.3868653711,-0.62041626247,0.30293679248,-0.71951428854,-0.53371230903,0.19736328072],[-0.34036513398,2.1806968788,-1.3410405645,-0.56602944397,-0.26646281961,0.46593981167,-0.22229730786,0.29503674885,-0.80805010688,0.017517840367,2.1108542418,0.19135570634,0.67996868846,0.48743916503,1.4170156896,0.00064292375303,0.72219001147,-1.3359710823,0.57509266631,0.27715835423],[-1.8906133896,0.20225853304,-1.5117937613,1.1016902376,-0.85143010736,0.94878514656,1.4549039037,-1.5416973855,-0.59013937495,-0.035891491995,0.6622408873,0.72650847909,1.7737981046,-1.0435550167,0.42049618328,0.34070055476,-0.95842537885,1.2087420948,0.3763369007,0.3441903093],[-0.07517033616,-0.48962752247,0.25691779617,0.72876111721,0.72925365153,-0.88026274879,-0.96837475222,0.86952997564,0.99652156134,1.4852954548,0.3195512286,-0.39590707416,-0.36109489902,1.0252136024,-1.0246038197,0.81482685041,0.33995709817,-1.0924781067,0.92401448039,1.9888128488],[-1.7034378421,0.26222524167,0.17087151083,1.8004234811,-2.5131583073,2.0422033322,0.94141814174,-0.75934592952,-1.7515967268,-0.082360442999,1.2679114772,1.5381411194,2.6045253181,-2.2008727612,0.58553315372,0.82105337393,-2.2015592227,0.17798707317,1.0758626702,-0.37906487549],[0.38201679414,-0.56503369973,0.6155173142,-0.33456711403,-0.68865640212,-0.021991272384,-0.1694083989,-0.28030432528,0.43299231744,-0.50389010555,0.35563131543,0.72563853168,-0.60345609724,-0.13303046438,-0.80498104052,-0.35631721049,-0.39202863421,0.12601299352,1.6264878932,0.5974310022],[-1.4621699732,0.75850812866,-2.5042118361,1.1285866775,-2.0558808344,2.6119079569,1.5352667661,-1.9105644574,-0.52035064984,-0.62515939875,-0.11236987322,2.3409290557,0.94276719259,-1.0566147882,1.0437997046,0.9793820129,-1.1134175569,0.84258453697,1.7281238773,-3.1243165174],[2.1863659198,-0.51615846174,1.1799319522,0.0095333973194,1.8121759961,-1.0601278145,-0.21687681049,1.314544058,1.090437562,0.043500264052,0.56328661344,-0.14065716086,-2.3496807929,0.88739149677,-1.7486121698,-0.87668589304,-0.5542276599,-1.8694339678,-0.79745794051,0.60928315216],[0.13557868428,1.4642042331,-0.18885437724,1.06747221,0.82271743476,-0.44805498769,-0.41104910102,0.7600120036,1.0014971314,0.67317442145,-1.0623335402,-1.0865904419,0.38716777691,1.6196724702,-0.16302568461,-0.8421125873,0.3793277121,-1.9524268095,-0.9249951272,-0.89271989579],[-0.37577123672,0.79650237638,-0.92239291814,-0.80963325966,-0.72526793583,0.59494132627,1.1742144893,-0.39833238358,0.17702239099,0.52475305623,0.49601858284,1.3719015302,0.50918860939,-1.4199836215,0.31605947151,-0.00042466158835,0.5886746154,-1.1422198041,-0.2922618941,-0.036513894412],[-0.059466270291,0.55367014284,0.36165021251,-1.0518200795,2.0536837228,-0.67397700448,-0.48939445793,1.002127628,0.50665592927,1.768062159,-1.1571834639,-2.1665745186,-0.74376718882,0.98179827927,0.098779865926,-0.72180281306,-0.15158633512,0.42484573757,-0.52705920865,0.032133206464],[-0.35080897806,2.5275097849,-0.080625538271,1.0119602407,-0.60217499278,0.56228757005,1.5820530415,-1.3452255983,-0.7918757417,-0.76005723801,0.74264707974,0.15881307542,0.23990124305,-0.82541414174,0.084627945924,-0.49121172423,-1.1958581053,0.90506858069,1.3881032002,-0.31191904767],[2.5311338566,0.18953390055,2.2963255315,-1.2281789372,1.2182164275,-2.3669967,-2.3243379486,2.2323197491,0.46757097444,-0.45074727565,1.668556917,-1.3668933,-0.67203794998,1.953627357,0.54472146891,-1.0296844194,2.9366811486,-1.3898942926,-0.2572320154,1.4613779078],[-0.75443007707,-0.87556333743,-0.45670444967,0.76123155969,-1.3966373756,1.7957263628,0.99093776645,-2.1267462305,-0.31241374223,-0.141152704,0.75751824935,1.8737330452,1.2723398355,-1.5754687423,0.66157219416,1.556500861,-0.33717173221,3.2352389222,3.0437384822,0.014825097856],[-0.50482893583,-0.028464300471,-0.46701022349,0.68631423086,-0.5125647088,1.0875445193,0.48000362043,-0.64304973656,-1.1391196135,0.48838699612,1.321810557,0.17375892167,1.1416728832,-0.94533688372,0.48777330272,1.2725680664,-0.17163443405,1.3737528297,0.39954201341,-1.5065242507],[1.432942196,-1.1476263143,0.86527462346,-1.3582997492,1.0406583126,-0.14326661651,0.22448002295,-0.35766656558,-0.42365761402,-2.2020657868,-2.4796354145,0.55525483539,-0.85205452069,-1.4074758323,-0.038159920741,0.43630862938,-0.61233415909,-0.14380887387,-0.21485521551,0.74218878152],[1.009775121,-0.3080885944,0.19566612257,-0.95045905603,1.2278191693,-1.3299726861,-1.5832100323,0.26199559649,0.55311004225,-0.37302677457,1.0370279619,-0.66247139651,-0.67704738797,2.7309666068,-0.044947894709,0.2338196301,0.84318182111,-1.4860624876,-0.4029693987,-0.41983102957],[-0.84168941006,-0.94203933913,-0.95631730369,-0.55297495624,-1.2315367857,1.698928069,1.448869308,-0.96473464373,-1.9624280846,-0.80237934279,1.0307460433,0.75351940514,0.7022112848,-1.1427860186,0.91089390586,0.9628993138,-1.5551562552,2.0965153735,0.62874798138,-0.30218197589],[0.90519455462,-0.014509664826,0.90283459653,-1.024604027,1.2005611628,-0.83320723445,-0.085732205503,0.58572260383,0.93902839921,0.25082299004,-2.3060186962,-1.3609205299,0.84630687774,-0.13749156285,-0.16119466077,-1.8852115965,-0.3726048931,0.23882103597,0.1256095597,2.0053400418],[-0.90659645041,1.2808180672,-0.56474045146,-0.0076839729608,-1.200203269,0.86172957513,1.0833452066,-1.2402135326,0.049986131271,1.8564688491,0.3094095671,0.52578711312,1.3572505324,-0.44035598741,-1.1741692524,0.0028942708678,-1.0813755959,1.4158357323,1.1585188428,0.059556496717],[-1.0006760519,0.80967679493,-1.9686656065,0.75215639362,-1.3270113106,1.4123227174,1.511790936,-1.4144095114,-0.1830649102,0.26828224445,0.98509120574,2.5798349161,1.7313773707,-1.3148432808,0.080874310936,0.31773433896,-1.3441933961,0.47828996436,1.4353617888,-0.51616710896],[1.139204266,-1.2547645836,1.2432456837,-0.81547716512,2.3323694097,-1.7574319676,-0.90809375026,1.5466123797,1.6421192303,0.1433878466,-0.90781633942,-2.6739467596,-1.8622824931,1.6297679089,-0.84699073083,-1.5714374693,0.62814297629,-1.2688498698,-0.5566836319,1.5509586908],[-0.84817482884,-0.4132324557,-0.5692531248,0.60628487836,-0.0003034134287,0.0099111362285,0.22101260728,-0.078615959964,0.71672486607,0.74839167215,0.67272035086,1.3025720119,-0.94640877655,-0.0037580424096,-0.33362657884,-0.32143194575,0.20552256318,-0.19983578782,-1.1165103783,1.2456580293],[1.0788818293,-0.1348325214,-0.31839245231,1.479786676,0.163941658,0.46582531542,-0.47241941337,-0.36119235513,-0.52708562444,0.48851187355,1.2948559166,0.41042527804,0.94718315066,-0.73961176516,0.51867644345,0.32186735726,-0.62147438234,-0.12606704696,-0.1726889864,0.10037077547],[-0.32355196623,0.76734129302,-0.56016897151,-0.51799338569,-0.68210670067,0.40904220653,0.67552039263,-0.50521343979,-0.93041397737,-0.17654020121,1.3075902605,1.0822331519,0.94322489401,-0.57514851422,-0.11970535509,2.0699131106,0.054613560712,0.062499662205,0.60947254797,-0.64133587561],[-1.3222640994,-1.02791781,-1.3421194044,1.0597086955,-0.76100070969,0.55591834735,-0.63199835722,0.42640368889,0.78457701715,0.36272371013,-0.12390115179,0.14604383714,1.1288758502,-0.66449543521,-0.75474012059,0.70528083598,0.054975264928,-0.72906202096,1.2045115075,-1.9670412099],[-2.0174945664,-1.754778686,-0.55910895648,-0.010679137735,-1.201755933,0.87971205712,0.78995375844,0.0077658094862,-0.2153549624,1.3411835183,-0.42792793527,1.5296195543,-0.53182119803,-0.81853331888,-0.5586183176,0.013895622541,-0.35300856121,0.76852316645,-0.23133623847,-1.0662685628],[-1.2561090941,0.27891413499,-0.93320981711,0.34890540459,-1.2662871608,1.5825445763,0.9299232162,-0.9169891569,1.0149784169,0.3911276307,-0.011520064437,0.23789716847,1.3470032999,-0.6726995231,-0.21302669074,1.6247378945,-0.062894101395,1.9656686977,1.4559345081,-0.29154316358],[1.123847047,-1.0677401481,1.4122458778,1.170140659,-0.21879768906,-0.36902734863,-0.25265643996,1.926768969,1.2890844025,-0.014065971537,0.63258179236,-1.3978468379,-1.3326499361,0.44865953697,-0.67158441871,0.049695593862,0.89551594901,-1.1714145373,-0.21867872588,0.29330995688],[0.19294214989,-0.26889689839,-0.43295741649,-0.16320142971,-0.34571156402,-0.95890833535,-0.71255708028,0.78278900649,-0.36957367219,-1.0888206132,0.16131359445,-0.47605931668,-0.0033851092259,0.36507767418,-2.1103648971,-0.52993046765,2.2354263052,-1.0428070646,-0.70199358687,-0.22359363183],[0.60275784084,-1.2711667922,1.1207650819,-0.45263274389,0.20309975353,-0.071192844484,-0.15177109303,0.42726841182,-0.30426312262,-0.56092881438,0.095503087188,-0.22966662819,0.15131267268,0.61312020353,-0.4574572282,1.1861560815,-0.079970494894,1.0670678701,0.72526100836,1.0537306446],[-0.46216107331,-0.27772806052,-1.9813481021,2.9646380893,-2.36829067,2.2274641719,1.7600274292,-1.2441150028,-0.85661405203,0.16590819406,0.37330273076,0.97498639718,0.6223350057,-1.2560901374,0.81870551103,0.65111284263,-1.3323351441,1.36061269,1.2395697626,-0.4337581412],[-0.3319276813,-1.617942154,-0.97508858271,0.32492437315,-0.53556982866,0.95126011813,0.78275767872,-0.50852163026,1.0044503576,2.0595598194,0.8096140253,0.18742149216,0.6681770407,-1.4063214113,-0.15159405997,0.43880645449,-1.3813883293,1.493213606,0.9487344512,0.12777785249],[0.98627480686,-1.3503589932,1.0338698579,-0.90032338843,1.0876022991,-1.138855721,-0.18720895737,0.39721501086,-0.099468328448,1.7061419413,-0.26706166162,-2.2421812107,-1.427432695,0.43717400215,-1.0871415686,-0.73935138478,-0.51188769588,-1.2925833751,-0.67143541235,1.4268627011],[0.43954066888,-0.19669286991,0.77361820117,-1.1861482795,0.99929484737,-0.66582455136,-0.43143844023,-0.069780309208,0.99006424945,0.085096732508,-0.93203264001,-0.70901627745,-0.029627008468,-0.42403879979,-0.28558712943,0.88162694412,0.3336815108,0.25148634497,-0.0011272630056,1.4140267399],[-0.72735944001,2.1452398037,0.5486050419,-0.45291262965,1.0333629493,-0.52790633961,-0.69198565643,0.39383008001,-0.083871906532,1.3540414426,-0.28178599291,-1.1753131834,-0.99331462594,0.56411656238,-2.2021851365,1.9349252804,0.22956390395,0.15888078695,1.0043609033,1.1242976034],[0.028106130897,0.78968117832,0.95498422847,0.85077432881,0.65195033047,-0.8196026769,-1.1588858956,0.16044590968,0.60906268712,0.74695077019,0.78728727222,-1.4666684266,0.4535689611,-0.70722203829,0.72481541828,-1.7269319803,0.98949802121,-0.34303536952,0.16884503657,0.75455864705],[0.49913250602,1.8422180275,-0.073112396947,-1.1803897457,-0.0072197602312,-0.34913268685,0.43866686475,0.029551909348,-0.56722863781,-0.0034048988129,-0.53379533591,0.055023103352,0.13489616079,-0.016170096922,1.1742757689,0.65188694527,-0.12410230966,-0.33746808497,0.86647085928,0.11720661147],[1.1691908326,1.6208169039,0.93009677449,-1.6883423895,1.4511798845,-1.1016458653,-0.86522856033,1.9229301376,-0.33241854307,-0.0071630549245,-1.374343948,-2.099963536,-0.10419703891,0.38694628398,-0.84430927329,-0.53465908615,0.023048550912,1.3583590732,-1.801962002,-0.2673843107],[0.14740261204,1.0460768314,-1.5300998504,-0.69487758218,-1.3314824457,1.4111012199,0.6034159586,-1.7775696481,-1.2446428595,1.945747859,-0.37381422278,-0.14901885359,1.4552896426,-0.54889542551,0.2290489648,0.94166052501,-0.74937331842,1.6416144579,0.98119569647,-0.53051335583],[-0.632196643,-0.93543685505,0.24405038065,-0.4985202993,-0.65494733664,0.44970164854,0.48095406933,-0.14445493059,-0.34429637412,-0.77662804369,0.48541428131,1.2611958849,0.70509097675,-0.40168031177,-1.325820945,1.5251384817,-1.6532087935,0.30672737934,-0.45305690699,-0.14066305709],[-0.23991126103,-0.19801150616,0.95874469467,0.50517805753,0.42953630685,-1.6266919881,-1.1502414643,0.46066614029,-0.85635454009,-0.74712076391,-0.54250318026,-0.25973541207,-1.9056422033,1.5460915744,-2.1990338312,-0.43231331093,1.3888026697,-0.87655347377,0.029832526475,1.3949527723],[-1.304880156,1.9755152071,-1.3015544349,0.29515567216,-1.3246624295,1.4940696772,0.091331859396,-1.6088494091,-1.0088853117,-1.8371825803,0.10508668619,0.69689555091,1.0233857518,-1.3761699706,0.80900130832,0.65474639607,0.2775264277,0.12261517682,1.3526657878,-1.6059584328],[-1.7350041051,-1.1108644325,-0.92583255405,2.3289514625,-1.0251178806,1.7077475649,2.38990275,-1.914722207,0.3149925273,-0.88455002705,-0.31222481705,2.1339470077,1.0247005038,-2.8646681411,-0.93124261789,0.41082717743,-2.0069051221,1.0851081412,0.032674529541,-1.3061058625],[-0.15645136803,1.2873917255,-0.68276353968,-0.69530410027,0.13259782822,1.391674655,1.9115382164,-1.608885071,-1.8355889342,0.54834775424,-0.61629157074,0.5807280908,0.52003641571,-1.1808269504,0.39376530843,1.1949047611,-2.2711425928,1.1271611949,1.407316922,-0.047723517237],[0.36829452366,-1.7108098857,0.91786770477,0.81022675642,1.279560076,-0.32899574494,-0.955818596,0.84176070556,0.23803154349,1.0946831303,0.053121888185,-0.43188434608,-1.6133288027,1.0404846819,0.15327745244,-1.3521211934,0.15497402308,1.0626730026,-1.3051104892,0.91510978163],[1.6647771052,0.41067856247,1.2257929227,-1.7327277934,2.1748368328,-2.0006210107,-2.3374043929,1.6276581664,0.39345636783,0.70316918027,-1.5664128587,-1.0275404232,-1.9014823813,3.1857109244,-0.27024876084,-1.2701047021,1.6360347675,-1.4411704731,-0.71674267232,0.82122666902],[0.40965916758,0.14220610853,-0.15727470384,-0.15738455445,-1.0316099327,0.84053959478,0.16785008646,-0.31209189955,-0.56498350911,-1.3792286228,-0.83079901057,0.97270496987,1.032207882,0.076438618629,0.00072122965807,0.37315941562,-0.72834297519,0.72878856594,-0.090576742809,-0.77211795942],[-0.89567224252,-0.11280128433,-0.50341299022,1.5051553247,-2.4757343039,1.9831742754,1.5298142592,-1.3402377669,-1.137973734,1.6415750795,-0.39912635839,1.1912307211,0.76043709702,-1.6773817877,0.47997724807,2.0891294218,-0.862309216,-0.5278426087,2.9068019842,-2.0447520336],[0.77399984986,-0.94482801139,-0.57290036273,2.1609327871,-0.92504761282,0.68000030082,1.2550390626,-0.74064488554,-0.24164459082,-0.016892600677,-0.1122193644,-0.25338435956,0.10177175333,-0.32501797613,-0.15506073197,-0.18651340158,-0.40257824438,-0.36965919548,1.5549214872,0.13096468454],[1.3818957081,0.43260020064,0.4839268814,0.20116209146,0.64258252982,-0.68199343918,-1.3228824239,0.40085364061,0.56571216535,0.30768492119,-0.46547884855,0.016312549035,-0.49276004015,1.9372587258,-0.36990945962,-0.67550547601,0.27770257385,-0.52751762298,-1.2286025145,0.42583716846],[-0.94766601284,0.12289193052,-0.3363629529,0.66781996861,0.43222598089,0.29738010447,0.21011494976,-0.14028570164,0.4860627738,0.76551960127,0.093238612404,-0.1976433287,0.5042504929,0.11283214775,-0.16061880959,-0.17193554107,-0.54253261886,0.5500520033,2.0677465357,1.1304687779],[-0.11480626331,-0.74546496831,0.63862182871,0.29062956352,0.045038593328,-1.2250279928,-1.0873002409,-0.19547096955,-0.18713596709,0.14906122623,-0.61345768998,-0.79592130095,-0.86009851411,1.4979926453,-1.8009199084,0.40762762808,0.52978395634,-1.4743090472,-0.11485706742,1.6290349181],[0.99330912732,-0.083402590369,0.40049533465,1.2284935448,0.96054045248,-0.9619000491,-1.951980143,1.3892347947,0.076096780388,0.74163138012,0.49226928337,-0.67828288578,-0.53592363305,0.53625720368,-0.58145740943,-1.630872005,1.0392974849,-1.1766124547,-2.5778901982,-0.11148656044],[-1.4041774758,0.59415111276,-0.38555666562,0.27001377075,-0.0033587988532,0.62471457953,0.95751350866,-1.2381195242,-0.33146877738,0.71149592339,0.77993224066,0.17146410555,-0.40947850798,-1.5260177192,0.16538710803,0.057142074718,0.2344528252,-0.38566467822,0.91896801285,-1.052277533],[-0.37100414756,1.1349087808,-1.6361963635,0.4845957736,-1.0522482303,1.4359386499,1.3769347731,-0.7534921835,-0.57997016666,-0.83661399165,-0.74876170946,2.3800614965,0.66238415867,-0.5728036607,-1.2548329437,0.84128144128,-0.73430382567,0.48868808087,0.4047118264,0.33413703791],[2.0362764954,-0.81501312415,0.40512538934,-0.38082507495,0.50539277912,-0.86200903468,-1.3840503379,0.42673072138,2.0740417478,-0.95695623707,0.96162229676,1.1804173119,-1.5847380008,1.1098850447,0.6599042145,-1.8563100891,1.7392798035,-2.2827569953,0.083260050157,0.56792345004],[-0.29577491407,1.8573121131,0.38327115086,2.5325907359,-0.40781417351,0.86219048003,0.24457860791,-0.46151138163,0.66239800125,-0.13531315411,-0.93675921412,-0.50620209333,-0.356848086,-0.60693740896,-0.0756052621,0.59596936003,-0.70369243723,0.88990984611,-0.40960377124,0.12481383502],[0.49834563845,0.79270631749,-0.65645159979,1.2861933033,-0.10732753563,0.31165198854,-0.1776001549,0.58133915804,1.0437249835,-1.9135007662,0.44215970346,-0.20622426694,0.68126760295,0.27890265803,-0.72705296019,-0.62055252533,1.1905164858,0.44725655405,0.75415798402,0.13978486683],[-2.5741788437,1.2928915114,0.72931971145,0.50462144291,-0.78059012468,1.276007918,0.11439957502,-1.5734616046,0.34471953724,0.34504917888,0.35274260998,1.5894399086,0.56656230579,0.21931975175,-0.65502881019,0.56691989845,-1.068560913,-0.77688052182,0.67874415428,-0.55954510469],[-0.28716537677,0.14869531574,0.48586309671,0.98869944029,-0.72361673403,-0.26107148166,-0.84784995425,-0.74371049904,-1.027275984,0.044153437469,0.0069929805346,-0.43243639378,-0.16956757031,-0.86574448919,0.3002831839,-1.3553653377,1.2051763256,0.24609357658,0.3110897496,-0.23968480008],[-0.81186996411,0.63289718782,-1.2285659544,0.24170100537,-1.0170225595,0.84758035851,1.1073460848,-0.47467148392,-0.59833863755,-0.51014767076,-0.96988620911,0.73868811238,-0.33335909444,-1.321008562,0.34580929358,0.87121733665,0.35416029973,0.54210267443,1.8478736736,0.36377144765],[0.17764303369,-1.7374709297,-1.1141493759,0.011355404253,-0.34823955554,0.42005390377,0.44314603939,-0.48096821344,0.49277215323,2.3722070838,0.089741199377,-0.18554757156,0.82112403082,0.053995734041,-0.1392694093,0.26839976692,1.200766478,0.45657075683,1.5165168852,0.22668409344],[0.79102739444,-0.47683582366,-0.41398814409,1.2796778722,-1.0980667972,0.84349954764,0.93519797159,-0.87991723541,-0.76892323478,0.026551764571,1.1985016059,-0.64410650551,0.52960619752,-0.92202577815,0.50176667167,1.7984443876,0.68196710097,1.3047344513,0.76890116514,-0.1405203199],[1.0258409506,0.10515153195,1.0048157197,-2.0405773146,1.3556737952,-0.65465634036,0.24634588556,1.0584549729,0.039575045446,-0.38774484034,-0.9643958527,0.4009646944,-1.0957819865,0.81648337621,-1.3380288593,-0.51925504565,-0.40004511109,-0.7818363031,-0.070684549436,0.68283034282],[-2.033271523,0.53181575693,-1.6328185988,-0.79989177414,-1.6394317377,1.4052191925,1.7748845061,-1.2910537385,-2.8782499941,1.3741448017,-0.016542459082,0.025527154716,0.96070489805,-1.851941732,-0.5619351225,-0.12302394377,-0.93594130802,0.80552858551,1.3981850637,-1.1580781966],[2.3596034036,0.16303653838,1.71420756,-0.41317537476,0.72132288592,-1.0092551598,-1.9049410013,0.94844764041,1.4308169,0.084549309447,-0.19506197397,-1.2094414807,-0.28634787203,1.592723478,-1.9008357624,-0.083302355158,1.2989067363,-1.0550704176,0.57333820019,-0.47642951254],[2.2466530067,-0.74728476111,2.2233348298,-1.3662805583,0.9363343743,-1.5024082627,-2.1782171106,1.3757422148,1.404888751,-0.85763963514,-0.89047168765,-0.98775181235,-1.3203586942,1.8825244079,-1.2187235776,-0.30210347448,2.1671409331,-1.4249869684,1.0162214141,2.6596091345],[-0.72258794276,1.7090961064,-0.2146952123,-0.69571779249,-0.98609608721,1.1276448833,-0.27145161209,-0.45518654547,-0.2706164477,0.25367462704,0.3461142025,-0.51438915889,-0.90601638775,-0.3551535738,1.7930642037,0.14247141154,0.37998763207,0.092148223018,-0.92231336044,-1.943895558],[1.2160020318,1.9594207876,0.23363849098,-0.83582563082,0.50207988714,-0.5843818287,-1.2348800253,1.0011734262,-0.28332580356,1.6719867527,1.741750242,0.055182414035,-0.20987686744,0.39285266799,0.40575963666,-0.2177318714,0.94456525597,-1.0910418387,0.86027136516,1.174172908],[-1.6390959141,1.996393103,-0.37313565288,0.65981165783,-1.4642824464,1.314407459,1.4250501045,-0.92196100432,-0.9961273947,-0.95359365912,0.90159587739,0.82625886963,0.60125348465,-2.0681750085,0.25195528381,0.60137561823,-1.0302902438,0.25194463733,0.64454774431,-1.3292296473],[-0.3377838381,0.06752882913,-0.060681590044,-0.61128290076,-0.26772237135,0.35799798744,0.82984405386,-1.0562818496,-0.90038962553,-0.048662181392,-1.2675771348,-0.0014204150701,0.39653399833,0.1937257144,-1.0005167182,0.60000328608,-0.17551615957,-1.5118100654,-1.1748730454,-1.1055161911],[0.17911754154,1.8333245016,0.91772855547,-2.5445472618,1.2405762764,-1.1841246328,-2.1905333034,1.8740332729,1.6697703194,1.1170183428,-0.30582772091,-0.43397786688,-1.2042588167,2.0801964589,0.1619252554,-0.33682463689,2.1894711252,-0.51727906531,-1.0862483532,1.3251877352],[1.1172819815,-0.83510688465,0.59089210146,1.3277389382,0.56364573362,0.018951237264,-0.36617912877,0.96900991131,-1.1200121941,0.38036767743,-1.3437773109,-0.6392746891,-0.035358227574,-0.64322189004,-0.60370077373,1.6088310077,0.51837812701,0.2153781459,-1.7356015655,-0.2720227299],[0.34699821681,-0.98953373893,2.0318259738,1.6137975221,0.1189895838,-0.65279770637,-0.52542403359,0.37619656636,0.9330323621,0.4055815971,0.074269452945,-0.75246033373,0.11466757839,1.3227832493,0.89854282807,0.76592775899,-0.76315859663,-0.52007613366,-0.80818335602,0.97124354501],[-0.4615092926,-1.4075131622,0.51024685855,0.70743280952,0.64696750352,-1.0753464225,-1.1363511354,0.86281050178,1.0551041465,-1.7782232494,-0.41070790733,-0.88116611719,0.13736748204,0.5714940853,-0.13919914321,-1.4523897547,2.3382372976,-1.8668199233,-1.1129652705,1.1739890991],[-0.67342070066,0.080803118418,-1.330098765,0.51806423455,-1.1600220334,1.6612576865,1.9203115819,-2.2331854553,-0.85708742282,-0.28858210934,0.00304310723,1.0346369419,1.0235658062,-0.60728722777,0.94811037134,0.44865001941,-1.2350938458,1.7549516487,1.7361167875,-0.55350713573],[1.142919146,1.0992460976,-0.9684438759,-0.97468637078,-0.040666344848,0.14966647841,1.3293740698,-0.50249780186,0.66609043431,-0.22329833242,-1.6062409094,0.39381502447,0.47297916039,-0.61296751596,0.14830707549,-0.42187705195,-0.26664397741,-0.043446018479,0.25526067609,1.0955802364]],"cov":[[1,-0.066797178385,0.51415715272,-0.3121539201,0.61192201019,-0.65327350525,-0.60140803169,0.58148676887,0.39177082355,-0.056733905543,-0.14385000903,-0.46198694838,-0.4936311772,0.60597608194,-0.27580955826,-0.43154214687,0.48464111734,-0.39683361038,-0.30535483788,0.41239861137],[-0.066797178385,1,-0.11453387412,-0.0055978213392,0.010973528974,0.17557119193,0.074139813905,-0.081277308093,-0.024665896023,0.07827946365,0.036812251031,0.09263372147,0.069517857333,-0.12214223335,0.14258273079,0.11597955295,-0.13123018805,0.13021216519,0.078279928525,-0.087110747676],[0.51415715272,-0.11453387412,1,-0.3207905696,0.62885261904,-0.75981939858,-0.71156154257,0.65571325072,0.43750695382,-0.095762243221,-0.14749889519,-0.52244151541,-0.54430975835,0.64836878294,-0.35313098328,-0.50192467912,0.58476718442,-0.48128576253,-0.45342792464,0.44978561515],[-0.3121539201,-0.0055978213392,-0.3207905696,1,-0.51012043186,0.41968038806,0.35114854095,-0.39761998999,-0.2705414701,-0.0055922653672,0.12683272092,0.3178206846,0.35923930338,-0.35007806202,0.13152930582,0.27723422763,-0.27456012146,0.22415170144,0.28274343666,-0.31346766848],[0.61192201019,0.010973528974,0.62885261904,-0.51012043186,1,-0.82270844657,-0.68836399999,0.77946297612,0.53034823389,0.010962637483,-0.24863289726,-0.62303068991,-0.70422449473,0.68626551724,-0.25783971315,-0.54346818971,0.53822608215,-0.43940937756,-0.55426801007,0.61449737925],[-0.65327350525,0.17557119193,-0.75981939858,0.41968038806,-0.82270844657,1,0.81987382409,-0.82920041127,-0.53093985301,0.12780275534,0.23456221119,0.68670117295,0.71459415487,-0.82158397947,0.46667866367,0.66058418626,-0.72555629121,0.61569531145,0.59985779459,-0.63120506133],[-0.60140803169,0.074139813905,-0.71156154257,0.35114854095,-0.68836399999,0.81987382409,1,-0.7748115814,-0.56141846393,0.09980699453,0.078636735541,0.56549684238,0.5908613859,-0.76280544241,0.37721425452,0.54159568292,-0.71871109554,0.55462091179,0.48309263648,-0.40719969833],[0.58148676887,-0.081277308093,0.65571325072,-0.39761998999,0.77946297612,-0.82920041127,-0.7748115814,1,0.50229755827,-0.071024296391,-0.1790452385,-0.58689451192,-0.62755622689,0.7090041052,-0.34901209272,-0.54775667892,0.61902962176,-0.5049541789,-0.51255091548,0.52030849481],[0.39177082355,-0.024665896023,0.43750695382,-0.2705414701,0.53034823389,-0.53093985301,-0.56141846393,0.50229755827,1,-0.034247124108,-0.097338766895,-0.38140770451,-0.4130771449,0.47233044055,-0.21127705722,-0.35073047076,0.41539125822,-0.32713407385,-0.33185225996,0.32000217751],[-0.056733905543,0.07827946365,-0.095762243221,-0.0055922653672,0.010962637483,0.12780275534,0.09980699453,-0.071024296391,-0.034247124108,1,0.0099804655729,0.066895842043,0.049533037496,-0.10128505111,0.10495041707,0.084424479139,-0.11381709165,0.1028065588,0.054832630155,-0.046464821263],[-0.14385000903,0.036812251031,-0.14749889519,0.12683272092,-0.24863289726,0.23456221119,0.078636735541,-0.1790452385,-0.097338766895,0.0099804655729,1,0.17107660416,0.18765101227,-0.16300881916,0.087746719386,0.15494808741,-0.11525971474,0.11416335629,0.15518331648,-0.20502554576],[-0.46198694838,0.09263372147,-0.52244151541,0.3178206846,-0.62303068991,0.68670117295,0.56549684238,-0.58689451192,-0.38140770451,0.066895842043,0.17107660416,1,0.51161770829,-0.56604121904,0.2978062798,0.45362393554,-0.48769180422,0.41073455674,0.42284267087,-0.45055829167],[-0.4936311772,0.069517857333,-0.54430975835,0.35923930338,-0.70422449473,0.71459415487,0.5908613859,-0.62755622689,-0.4130771449,0.049533037496,0.18765101227,0.51161770829,1,-0.5908216288,0.28809442594,0.4720495983,-0.49735027054,0.41580864783,0.45052611074,-0.48532365294],[0.60597608194,-0.12214223335,0.64836878294,-0.35007806202,0.68626551724,-0.82158397947,-0.76280544241,0.7090041052,0.47233044055,-0.10128505111,-0.16300881916,-0.56604121904,-0.5908216288,1,-0.37938025042,-0.54272538452,0.62850666693,-0.5179950448,-0.48268956687,0.49060312231],[-0.27580955826,0.14258273079,-0.35313098328,0.13152930582,-0.25783971315,0.46667866367,0.37721425452,-0.34901209272,-0.21127705722,0.10495041707,0.087746719386,0.2978062798,0.28809442594,-0.37938025042,1,0.30828054529,-0.36150583949,0.31352686984,0.25623093101,-0.25742087752],[-0.43154214687,0.11597955295,-0.50192467912,0.27723422763,-0.54346818971,0.66058418626,0.54159568292,-0.54775667892,-0.35073047076,0.084424479139,0.15494808741,0.45362393554,0.4720495983,-0.54272538452,0.30828054529,1,-0.47929101222,0.4067185863,0.39625657311,-0.41696408181],[0.48464111734,-0.13123018805,0.58476718442,-0.27456012146,0.53822608215,-0.72555629121,-0.71871109554,0.61902962176,0.41539125822,-0.11381709165,-0.11525971474,-0.48769180422,-0.49735027054,0.62850666693,-0.36150583949,-0.47929101222,1,-0.47926768158,-0.41982356315,0.39650954068],[-0.39683361038,0.13021216519,-0.48128576253,0.22415170144,-0.43940937756,0.61569531145,0.55462091179,-0.5049541789,-0.32713407385,0.1028065588,0.11416335629,0.41073455674,0.41580864783,-0.5179950448,0.31352686984,0.4067185863,-0.47926768158,1,0.35488481788,-0.35042941713],[-0.30535483788,0.078279928525,-0.45342792464,0.28274343666,-0.55426801007,0.59985779459,0.48309263648,-0.51255091548,-0.33185225996,0.054832630155,0.15518331648,0.42284267087,0.45052611074,-0.48268956687,0.25623093101,0.39625657311,-0.41982356315,0.35488481788,1,-0.40048982723],[0.41239861137,-0.087110747676,0.44978561515,-0.31346766848,0.61449737925,-0.63120506133,-0.40719969833,0.52030849481,0.32000217751,-0.046464821263,-0.20502554576,-0.45055829167,-0.48532365294,0.49060312231,-0.25742087752,-0.41696408181,0.39650954068,-0.35042941713,-0.40048982723,1]],"inv.cov":[[1.9198451575,0,0,0,-0.47646826329,0.56138109406,0.27310968227,0,0,0,0,0,0,-0.30974808511,0,0,0,0,-0.29605537983,0],[0,1.1334766447,0,0,-0.53576572763,-0.81912595717,0.21874234408,0,0,0,0,0,0,0,0,0,0,0,0,0],[0,0,2.50799673,0,0,1.3498270623,0.67790614657,0,0,0,0,0,0,0,0,0,0,0,0,0],[0,0,0,1.3517584407,0.68955959954,0,0,0,0,0,0,0,0,0,0,0,0,0,0,0],[-0.47646826329,-0.53576572763,0,0.68955959954,5.4096775393,2.200727199,0,-1.1208576662,-0.42368330386,-0.38143949974,0.20959867711,0.34694200026,0.80441232291,0,-0.53236112397,0,0.47857285651,-0.3586262841,0.3761686766,-0.58022619758],[0.56138109406,-0.81912595717,1.3498270623,0,2.200727199,13.7415462831,-1.0854688877,1.4104289169,0,-0.44949247673,-0.41506563268,-1.0402349261,-0.93511941468,1.8703653322,-1.0746442137,-1.1720204847,1.3812473403,-1.1031461247,-0.86637336803,1.242865081],[0.27310968227,0.21874234408,0.67790614657,0,0,-1.0854688877,4.8538597114,1.0758234349,0.57814734877,0,0.39664365801,0,0,0.8571772616,0,0,0.9325422814,-0.2691323031,0,-0.6552049522],[0,0,0,0,-1.1208576662,1.4104289169,1.0758234349,3.8767557472,0,0,0,0,0,0,0,0,0,0,0,0],[0,0,0,0,-0.42368330386,0,0.57814734877,0,1.5492822884,0,0,0,0,0,0,0,0,0,0,0],[0,0,0,0,-0.38143949974,-0.44949247673,0,0,0,1.06162796,0,0,0,0,0,0,0,0,0,0],[0,0,0,0,0.20959867711,-0.41506563268,0.39664365801,0,0,0,1.1182810765,0,0,0,0,0,0,0,0,0],[0,0,0,0,0.34694200026,-1.0402349261,0,0,0,0,0,1.9304860577,0,0,0,0,0,0,0,0],[0,0,0,0,0.80441232291,-0.93511941468,0,0,0,0,0,0,2.2347177295,0,0,0,0,0,0,0],[-0.30974808511,0,0,0,0,1.8703653322,0.8571772616,0,0,0,0,0,0,3.378221604,0,0,0,0,0,0],[0,0,0,0,-0.53236112397,-1.0746442137,0,0,0,0,0,0,0,0,1.3642496861,0,0,0,0,0],[0,0,0,0,0,-1.1720204847,0,0,0,0,0,0,0,0,0,1.7742181982,0,0,0,0],[0,0,0,0,0.47857285651,1.3812473403,0.9325422814,0,0,0,0,0,0,0,0,0,2.4148207886,0,0,0],[0,0,0,0,-0.3586262841,-1.1031461247,-0.2691323031,0,0,0,0,0,0,0,0,0,0,1.6708845479,0,0],[-0.29605537983,0,0,0,0.3761686766,-0.86637336803,0,0,0,0,0,0,0,0,0,0,0,0,1.6377971392,0],[0,0,0,0,-0.58022619758,1.242865081,-0.6552049522,0,0,0,0,0,0,0,0,0,0,0,0,1.8742509486]],"n":[100],"p":[5],"q":[15],"S":[[1,-0.11416739122,0.63252089217,-0.30564446828,0.68418947956,-0.70615672261,-0.64068098244,0.71967318795,0.4649737908,0.041807914689,-0.15550228665,-0.51971657922,-0.55385509886,0.67041128282,-0.2029744161,-0.44680505873,0.47884952949,-0.47528731005,-0.42018624722,0.46171287201],[-0.11416739122,1,-0.14138347018,-0.13368926383,-0.054730253286,0.12303462325,0.037827738803,-0.092456737914,-0.13183309398,0.045664278919,0.087342218987,0.052408480593,0.10269033392,-0.042725817587,0.19017407319,0.049919053651,-0.045948141603,0.067767175132,0.099353113885,-0.12906120556],[0.63252089217,-0.14138347018,1,-0.2572184584,0.67361038415,-0.76288268169,-0.72703901528,0.71685847453,0.44934240961,-0.039124533098,-0.12094364724,-0.58032545058,-0.61832719341,0.62152065558,-0.32559865038,-0.42270906224,0.45957490477,-0.43324581232,-0.48185609763,0.46669604134],[-0.30564446828,-0.13368926383,-0.2572184584,1,-0.48785434964,0.42480220782,0.27566017921,-0.32599667443,-0.11283019588,-0.069441980705,0.29457558705,0.22023317777,0.41121758384,-0.38863520601,0.071733299283,0.12604443829,-0.2118454987,0.14249035925,0.18890993216,-0.30077625988],[0.68418947956,-0.054730253286,0.67361038415,-0.48785434964,1,-0.86281872418,-0.70095840617,0.80109609316,0.6103830541,0.16023496509,-0.33803617956,-0.66683345385,-0.73436551295,0.76748323457,-0.26050019562,-0.57405477605,0.52005087284,-0.50509879062,-0.64640655534,0.58604319667],[-0.70615672261,0.12303462325,-0.76288268169,0.42480220782,-0.86281872418,1,0.8323774636,-0.83718623043,-0.57237989479,-0.053075404294,0.2282630011,0.7175490811,0.71957804422,-0.82768837077,0.36617147031,0.63401976757,-0.70425255897,0.63279447371,0.62923500247,-0.62852565965],[-0.64068098244,0.037827738803,-0.72703901528,0.27566017921,-0.70095840617,0.8323774636,1,-0.80653114446,-0.57547863367,-0.051711737073,0.021833847286,0.60960068045,0.58823413653,-0.79120659859,0.24378305241,0.53331881643,-0.75619720287,0.56285840756,0.57280967965,-0.4303178838],[0.71967318795,-0.092456737914,0.71685847453,-0.32599667443,0.80109609316,-0.83718623043,-0.80653114446,1,0.59886380079,0.11928994315,-0.137512537,-0.63842131242,-0.66561023784,0.7675865423,-0.31922232315,-0.55715723677,0.63669973389,-0.55102488091,-0.64141323106,0.46275742182],[0.4649737908,-0.13183309398,0.44934240961,-0.11283019588,0.6103830541,-0.57237989479,-0.57547863367,0.59886380079,1,0.094450503542,-0.12967930227,-0.39492876058,-0.4442079518,0.58910288635,-0.16588348925,-0.5379202506,0.47268324791,-0.46404695585,-0.37489126477,0.43279419642],[0.041807914689,0.045664278919,-0.039124533098,-0.069441980705,0.16023496509,-0.053075404294,-0.051711737073,0.11928994315,0.094450503542,1,-0.043896882668,-0.18633279361,-0.066250522901,0.1249661311,-0.10294742639,0.037365597115,-0.07274899735,-0.051330591409,-0.056377269771,0.095250846535],[-0.15550228665,0.087342218987,-0.12094364724,0.29457558705,-0.33803617956,0.2282630011,0.021833847286,-0.137512537,-0.12967930227,-0.043896882668,1,0.25061444134,0.2856914469,-0.18956077879,0.21714629473,0.092843076816,-0.019364663189,0.12970315257,0.28315110617,-0.2027902231],[-0.51971657922,0.052408480593,-0.58032545058,0.22023317777,-0.66683345385,0.7175490811,0.60960068045,-0.63842131242,-0.39492876058,-0.18633279361,0.25061444134,1,0.48028849887,-0.58513765578,0.22920900429,0.48347027078,-0.50732452401,0.36745067339,0.48282106821,-0.4134919156],[-0.55385509886,0.10269033392,-0.61832719341,0.41121758384,-0.73436551295,0.71957804422,0.58823413653,-0.66561023784,-0.4442079518,-0.066250522901,0.2856914469,0.48028849887,1,-0.6519866526,0.24850185456,0.43762306732,-0.50192951325,0.54037925652,0.52348463479,-0.50268599319],[0.67041128282,-0.042725817587,0.62152065558,-0.38863520601,0.76748323457,-0.82768837077,-0.79120659859,0.7675865423,0.58910288635,0.1249661311,-0.18956077879,-0.58513765578,-0.651