{"data":[[-0.34075987338,-0.94426045288,-0.97107844936,-2.7470022079,1.1208770227,-0.41751157528,-0.030293473376,1.987264233,1.1304602402,1.0387365005,-1.0605588249,0.014655714685,-0.84916825292,0.89633786378,0.71521622318,0.388667717,0.037425929454,-0.45204984778,-0.88818277408,0.34568566067],[1.6927888472,1.2645263042,1.1263109929,0.54664688512,-0.84945522169,1.8699786964,0.33119134048,-0.7377291285,-1.0094903285,-0.32342265299,1.1684242908,1.7697406598,-0.23009439423,-1.2781612224,-0.63620181244,-0.13680731059,-0.67930561861,0.27592460926,0.62024281841,-0.24720890998],[0.68360233616,-0.075589172731,0.31713234035,-0.61367114624,0.42409844183,-0.95730260487,-0.51208377978,1.1341441132,0.34470095389,-0.5089303629,-0.010058657313,-0.22412586404,-0.050936694871,0.77394000949,0.66022891826,0.086426573825,0.52490358819,-0.45814154093,1.6160417351,-0.35723860776],[-0.76768638128,-0.95165806077,0.77998774088,-1.6789201076,0.44765792328,-0.29131118621,0.30369894931,0.39435090592,1.3179910978,0.19470098612,-0.22389781741,-1.0516261165,0.81777058674,0.28647324128,0.95785386261,0.34798130613,1.4854729574,0.57344098135,1.779067236,0.61074755506],[0.20667723024,2.1073265894,0.8853788172,-0.55867969056,-1.301608373,1.4413523495,1.5655995091,-0.13382048311,-1.2081989363,-0.63096057222,0.80860299063,-0.18980524921,-0.69021954411,-1.290655309,1.4212453734,-1.1425580832,-1.7529003155,-0.90306855432,1.4139455367,-1.3611438432],[0.94932253802,-0.19239070164,0.57222047816,-0.69269494922,-0.61206472058,0.35832253479,-0.89622570785,1.188334912,-0.78990128955,-0.19595768242,0.43592136983,0.30115350666,-0.35112571275,-0.26488077854,-0.9178855981,-0.24072487781,-0.25402683316,-1.7997893722,0.10950708768,-0.40144037767],[0.66747442793,-0.38610398824,0.041037470209,-0.51060098961,0.74323739458,-1.3957990785,-0.47970433412,0.31820228273,0.91527930976,0.61286113028,-1.7885929654,-0.92137135562,-0.28206268727,1.5182571046,1.6301143279,1.3202872731,1.3542141161,1.4936909152,1.6687677686,0.25549100251],[-0.17874022354,-0.48437386859,0.013185470097,-0.96518130897,0.082057725598,-0.11976027267,1.4982749416,0.20475905525,0.030270048014,-1.3662549154,-0.13168581323,-1.4622403388,0.53961470753,-0.84539034717,0.97778046673,-0.066401216817,-0.095280347886,0.45198088233,-0.38059035006,-0.0389871475],[-0.21950801737,-1.9251832055,-0.89166126661,0.47211136455,1.3355761469,-1.5213239607,0.20854433082,0.23322925822,1.2863081156,1.3887608346,-1.0089980051,0.071852959691,0.7219328989,0.037411253545,0.57422252499,0.64471346388,1.8985273875,0.46092272963,0.585207266,0.45395132248],[0.72804757441,0.9074357914,1.5477924903,1.5502862374,-1.5105560153,1.3162448007,1.2107225302,-2.4359288925,-1.4924612991,-0.22292840606,1.6982191461,0.71063001528,-1.8910117008,-0.98610612253,-0.24109787412,-1.3495817955,-1.0358969954,-1.2925623411,0.56033392236,-0.94656647894],[1.8181878113,1.3285412837,-1.1742859081,1.9919804167,-2.0543462482,2.1163549338,1.2135301286,-1.036681362,-2.1817744507,-1.7323353523,1.4773402917,0.32198358909,-0.87856539653,-0.444172628,-1.9788069431,-1.2695532524,-1.8535847949,-2.1712439123,-0.48708562489,-2.0569802373],[0.84740894999,0.084380957946,-0.096885026744,-0.007187653774,-0.53593018439,0.040929925249,-0.43023446322,-0.98972447997,-0.7068959864,-0.27644556785,-0.52603546719,0.14131533832,-1.1076224709,-0.48766332374,-1.0965420615,-0.24912537803,-0.78645613831,-0.43373867237,-0.3893631689,-0.45299959553],[1.2954073126,0.084523784301,0.56441498005,-0.84445321534,-0.27826555199,0.62116897974,-0.53970786306,0.32691396243,-0.68495122928,-0.08375957846,1.0134280617,-0.31037806612,-0.42402427178,-1.7553768923,-0.11104076332,-0.63587722249,-0.22501000958,0.38548547893,-0.44954299426,0.11251043899],[0.92979818687,0.47689040672,0.14215558035,1.8738099161,-1.8690677272,-0.094371388407,0.016317375075,-0.86143098416,-0.71886795547,0.247467539,0.60417603352,0.33776288528,-0.24738806453,-1.8033619196,0.21654937599,-0.89798190276,-0.24963086519,0.052541717373,0.14562534236,-1.9014642765],[-0.14551366818,0.74445990196,0.23352722618,0.34963465551,-0.41051685465,0.51479690937,-0.39694383326,0.067043333491,0.017721661029,-0.11525442922,0.10804561272,0.077573144641,1.0437115232,1.1294446751,0.4874476253,0.34254132861,-0.22243395339,0.036738483033,0.3493928629,-0.35476352715],[-0.054855138738,-0.01850908753,0.091651717431,0.91596968375,0.10791159237,-0.94964082145,0.74102226906,-0.16997392337,0.040856497235,0.19972054455,-0.41725373074,0.9427395136,-0.29686813055,-0.38777448474,0.14114958176,-0.41266392691,0.15022956696,0.43030597526,-0.10723505966,0.66317252184],[-0.33197921917,-0.80332055372,-0.088934630645,-0.39453418205,1.6733301886,-0.81603154475,0.45611492675,1.3639704368,0.73604639907,0.60809591542,-0.7558083652,1.669921636,1.6615422316,0.58563490985,-1.4384361845,1.3804237852,0.68015790173,0.56051629191,-0.47370469957,0.21461601937],[0.27762289906,-0.58571302523,0.56861686233,-1.3101106235,-0.020248161276,-0.0071664452799,-0.61040338322,0.19608803736,0.3678108026,-1.2168312,0.32479596569,0.038345352593,1.1238660453,2.0945689112,-0.89056466271,-0.49303197041,-0.034677880076,0.85637006381,0.55144790603,-0.055198599629],[2.9352108873,2.7742378283,2.7582295273,1.4323544563,-2.396113803,2.4919288368,2.9829013688,-2.2321267121,-3.0099026336,-2.7187569867,1.7603627947,0.66517472539,-0.5142243249,-1.3319830628,-0.50485396107,-1.9383018317,-3.3112184738,-1.7728034891,-1.2450604652,-3.2862009452],[-0.35153664107,-1.6097231809,0.21604502102,-0.23123451316,1.3573069868,-0.9796095273,1.4725197534,1.89523222,1.3165340471,1.1456071208,-1.0328729267,-1.9366812844,1.2240615675,0.41888512628,0.76342098006,1.498217471,0.88337549375,1.8896927277,0.95132518252,0.48706664269],[-0.64562210559,0.13659970894,1.0100891222,0.10185047567,-0.35289955657,0.14986090364,-0.44497675671,1.1249430703,0.13917234811,-0.71917699015,-0.72553647158,0.37507097935,-0.53879766259,-0.83463849905,1.0374745717,-0.28256392367,1.4674484806,1.4924707146,-1.5526574492,0.74277543167],[0.70108949299,0.75577238803,-1.5822696592,0.78949174699,-0.70471160703,0.37864374161,0.077433434454,-1.4571938832,-1.0008285691,-0.073956020666,0.76993242342,-0.13665532516,0.068068262531,0.46491935409,0.250931062,-0.40882384167,-0.63690061849,-1.6468735509,1.9848597313,-0.90662234518],[-2.9944454072,-1.6647237647,-1.3309022052,-0.42581123436,1.3184213492,-2.2751517137,-0.80546232464,0.85524425,0.9668750664,2.096424556,-2.4080424621,0.38328775065,-1.2762467898,1.5400950503,0.9084488291,0.71941389738,2.9362787556,1.7514888764,1.1130786621,0.74632671455],[-0.30971036978,0.070993473666,-1.4645833881,-1.8889153865,-0.0010102007933,-0.50557570776,1.0545587065,0.19575037543,0.67912221207,2.4559454141,0.88149200275,-1.3629561039,1.9630923751,-0.095770842893,-1.1575163734,0.0051452430911,-0.41952670833,-0.55979744857,1.1511900115,-0.27990297259],[0.11999364658,-0.15179218815,-0.8276874336,-0.68289931383,1.4208827027,-1.9692710095,0.954630504,0.8404140933,0.64809996904,3.1037008475,-0.03304446495,0.41018743635,-0.76535431794,1.3885473971,-0.2711038605,-0.28166909471,0.086442725235,1.4258144866,0.0066330056384,1.702296994],[-0.81022983795,-0.44797867763,-1.2427747128,-1.7505551918,0.93927583766,-0.29144677964,0.77287974889,-0.22415092088,0.77139100069,2.2312270476,-0.07519246139,-0.2108280446,0.77369689572,2.3658870161,0.57328230161,-0.39291026195,-0.84003581225,-0.17462066111,-0.80581230253,-0.47052004397],[-0.10488056187,-0.3072412315,-0.29085710683,0.80273602465,-0.46589140831,0.7228138554,0.69317320143,0.78231822202,-0.34254400598,-2.1532793523,0.99590913797,1.4783342994,0.34500285574,-1.1160859696,-1.4257863552,-1.2450170909,-1.0717401919,0.14098907779,-0.41190768298,-0.48456838427],[0.87193421721,-0.25602042098,0.0328122022,0.48309162167,-0.25469468773,0.53635140424,-0.079529065066,-0.82604935209,0.26405462872,1.7672425375,0.17741198729,-0.4595445993,0.063528246568,-0.91495731619,-1.7251849144,-0.083622014635,0.18236609696,0.22265367692,0.4772198512,0.4595177181],[0.030789751197,-0.018799168208,-0.79865805457,1.3352676231,-0.056967597386,0.13683279526,0.24377352602,-0.32993539246,0.036817125138,1.7738338055,-0.25497107235,0.90550206145,-1.0528530495,-0.21300429189,0.94103693995,0.013057801297,0.63695573528,-0.61920106235,-1.265174167,0.89662142278],[-1.3740209948,-1.0674940582,0.39230194667,-2.0215305517,1.1090586319,-0.2726822844,-1.5967275431,1.3537285804,1.1472702466,1.1076081369,-0.58072962657,-1.3365323203,1.5846070849,0.77924459173,0.60736875154,1.4475007484,1.791460085,1.9239192244,1.0123174194,0.98443460404],[-1.170287145,-1.8571098241,0.27206745418,1.154245329,0.37658692174,-1.6012315968,-0.34216914171,0.78774098693,0.4094795777,-0.057437894875,-1.0899560336,-0.59954127903,-0.63441760264,1.2112199693,-0.3357046466,1.8605037799,1.7126757387,0.22327124399,1.8998946637,0.35737360286],[0.15631988955,-0.49135907672,-0.22420656682,-0.95864586173,1.1409697138,-0.23609188898,-1.5814456698,0.64475755599,0.98789848375,0.60919550118,0.67667389016,-0.67678584752,0.35201296253,0.57544189959,-0.089045222647,1.0077252854,0.31239837736,0.3136796139,0.98250247134,1.0367117676],[1.237998125,0.26411362294,-1.4184411994,0.40451773502,0.3250270597,0.79775431658,0.95807166971,-1.1146824716,-0.46315183046,1.0040557659,-0.12170202222,2.6345923803,0.47823647791,0.81982949982,-1.1695491303,-0.14365726243,-0.96726944001,-0.78239032594,1.5804621363,0.2499771269],[1.291875096,-0.28185318143,-2.0608192205,-0.78250852572,1.1055629713,-0.99681310095,-1.381897254,-0.3461689393,0.65331339903,0.35051381599,-1.0821953349,0.38102743669,1.0725760509,0.026358497446,0.7227952222,1.1729073987,0.78864818102,1.0625881854,0.11935128335,0.67834148809],[-1.0528575462,-0.71328493505,0.92700763963,0.1998273984,-0.049522874268,-0.75401841994,-0.90241192836,0.37956435405,0.5868846424,0.56047036599,-1.3463915274,-0.87375132875,-1.1769177874,-1.1727590861,1.3181566651,0.69176370512,1.7379223734,0.12177000888,-0.36474332214,0.68802847312],[0.3733987758,0.41339518704,0.31227439519,0.9378291605,0.35128907747,-0.24957425432,-0.93242155724,0.75136632479,0.17023748653,0.29694883089,-0.24145300246,-1.4076953536,0.36222373657,0.52266963664,0.085166010033,0.13556628635,-0.046976647788,0.29024066712,-0.93124794219,0.99109719024],[0.40354288912,0.33372662465,1.6066640309,0.98704187247,-0.097681250625,0.13697558508,0.39322182158,0.83050025138,-0.31224271158,1.1153220037,-0.13126709318,0.31508969341,-0.23027740872,-1.0932934018,-0.83767574463,-0.13053915001,0.65274341625,-0.46307221179,-0.96953905234,-0.73729170309],[1.452443699,0.38910130733,-0.3522346622,0.5879333296,-0.33518078897,0.55183693864,0.28897891606,-0.16175171319,-0.60058205268,-1.3486114916,0.78203779963,0.33561172235,-0.46023120232,1.6795589789,-0.039093437934,-0.75749567867,-0.87253995201,-1.0640014526,0.98546836225,0.28396592357],[0.38949924877,-1.3514635108,0.45575200393,0.31087007114,0.70117391407,-0.028237439283,-0.4603136071,-1.0793553688,0.31215105184,0.7575165989,-0.58624370494,1.028828319,-0.15420260294,1.2868863206,-1.1334530906,0.00017848455418,0.07536314422,-0.052048480384,1.1974199938,0.63790655926],[-0.49593205134,0.92959186588,-1.1697713076,-1.0852540858,-0.032318123776,1.2909479643,-0.31970369516,-0.93723905907,-0.19020926084,-0.39924236916,-0.25081719998,-0.29932327408,0.91991656543,0.29538454206,-0.0099205609186,-0.7171275814,0.65598372103,0.16413401739,-0.35031745559,0.72504610767],[0.36527209536,1.9998537362,-0.11840438921,-2.0308638764,-0.8508856147,1.124836247,0.58337056042,-0.64944268022,-0.82784255939,0.44902119428,1.7117115993,0.26897493541,-1.1922234238,-1.5688113852,0.16224739673,-1.2490328737,-1.3651369988,0.35601094597,0.096751828836,-0.42256309834],[2.115456436,1.7293904219,0.91985044164,0.74268566296,-1.8113750903,1.1212767277,1.1814609001,-1.8829067248,-1.2685153302,-1.4339680624,1.9573850279,0.99567760392,-0.78407210444,-0.66721506295,0.15037795969,0.29101205542,-0.54040285848,-1.911989187,-0.013355605117,-0.72448729689],[0.060662326564,2.694975705,-0.42883293515,2.1880625502,-1.9355622689,0.84810765787,1.1204992696,-1.1682447393,-1.9459998996,-1.4579641498,0.18131794376,1.5340518514,0.48163738913,-1.3846084008,-0.43159696181,-2.2450829005,-1.2100355622,-1.2807257276,0.87840975019,-1.140338408],[-0.27398301109,-0.16714903009,-1.7308891005,0.044338256217,0.49649736584,-0.58346206446,-0.43155809339,-0.8051172915,0.57198790861,-0.34197179202,-0.08624912979,-0.54922288276,0.45585859728,-0.26083365011,1.0424338792,0.28521469063,0.21315792475,-0.0061510008589,0.014617592942,-0.096103239373],[-0.82416484997,-0.19146384781,0.47125175305,0.32078923726,-0.16879658353,0.078192000516,0.42198562537,0.12994484948,0.20591133431,-0.16133992676,-0.17882009902,-0.19480842155,0.21827895263,-0.79415191187,-0.011874819964,0.4309684584,0.58625066347,0.10400397629,-0.30485530985,0.44163219952],[-1.8686085556,-0.1396555072,-0.90548409138,0.59940372442,0.60324527017,-0.77282713701,-0.77972392555,-0.22688710039,0.44670929234,0.21983125125,-0.77874181582,-0.83662682583,0.70565941148,0.41310329457,-1.2446540331,-0.64705401837,1.4961000134,0.47464788202,0.38420565701,0.081617433863],[-1.2157092349,-2.662470002,-3.3863106503,-2.9996013623,2.3676967928,-1.4435897313,-0.3127456948,1.5461408889,2.0641133662,1.4515128712,-2.1608812768,0.34322948236,1.3256959985,1.1345133612,-0.69595466715,1.859498494,1.0596241361,0.15999013249,-0.011427653751,1.1733829595],[-0.14701657104,-0.69111208517,0.11703459561,-0.52738890368,0.34923317144,-1.2955324674,-0.18060335149,2.5716449213,0.75135720749,-0.049348521754,-0.32113403045,-0.16833823394,0.77792660151,0.6528846507,1.4699482174,1.6196970115,1.3114937418,0.49365913781,-0.85273704388,1.2230155622],[-0.20706840958,-0.45492331304,1.6171561187,-0.21772891787,-0.16288943729,0.42739963331,-1.0350520251,1.3140655255,0.12736357561,0.7838902316,-0.53334298152,-0.67739239132,0.086144893706,-0.061729409978,0.56218004315,-0.5153020321,0.59846814877,0.093337752875,-0.56096569077,0.52974437114],[0.49349218813,0.25499797974,2.2233639627,1.7482496163,0.86697388159,-0.18608980942,-0.36232017056,-0.94185977892,-0.45280216013,-0.44372186948,-0.1054193656,-0.2421181567,0.10313153935,-1.1354581963,-0.22142275201,-0.55019013416,-0.048906564795,-0.23003208037,0.85354468158,-0.12695102059],[0.97516440569,-0.41444683304,0.26473773678,0.34321247573,0.62685045622,0.20097714491,0.20229780385,0.40057218177,0.078409824913,0.020331706356,-0.71335516809,0.6474652513,0.013603294912,-0.38277627089,-1.9589829694,0.24329233994,0.30962669998,-0.60906128245,0.24414652171,-0.57635494076],[0.39637079539,1.6739955855,2.0413368106,0.072101370105,-1.5314648205,2.6742538726,1.49106184,-1.562970409,-1.4984289742,-1.1800126518,0.93242565824,1.2710330281,-1.8269359936,0.9114969141,0.39904694547,-1.745453022,-1.8959990166,-1.6198003431,0.41841938757,-1.4965114698],[0.48402624952,-1.4689246224,-0.56661034958,-1.5458445231,0.98871877657,-0.34567574062,-0.86364190053,-0.95268773359,0.74446661635,0.57756146012,-0.45171751955,-0.1153775677,-0.16218694226,0.20946217528,-1.3237089737,0.75468841163,0.63037226996,1.7743475319,-1.0732198781,1.5611018737],[-0.80777227126,-0.17549142627,0.014393488122,-0.54523659956,0.90121643435,-0.19298000252,-0.52600242842,-0.55406568746,0.76673947396,0.47613982501,-0.61580982789,-0.063959001424,0.15572293795,1.1104921014,0.45125791871,1.0384449508,0.41803498541,0.21986686302,-0.81041149365,0.90694063315],[-1.5779420278,-1.0067039321,-1.0853537422,0.76818980859,0.4455048918,-0.97187414985,0.17041234174,1.1917784558,1.3925554221,0.43393569369,-0.58135026991,-1.9923501985,1.060284257,-1.0884377986,0.42680552321,0.19021447321,1.627020767,1.0328687219,1.2261228534,0.59878795094],[-0.61606610013,-0.76525875407,-0.16663817078,-1.3300125106,0.50598832435,-0.10275266822,1.1914470195,1.1496622238,0.99928172867,0.63504336741,-0.68196728066,-0.53513807864,0.79178756529,-0.53424614728,-0.98926960867,1.3839242585,0.31736017132,1.6827916526,-0.3105374099,-0.29716116051],[-0.48423173702,-0.28222615494,1.3341662962,-0.2928044571,-0.56991453653,1.2356824832,0.58263300564,-0.038529846678,-0.67443099341,-1.111232294,0.18619815006,-0.60774361782,-1.3977627841,0.2901601683,-0.32983681226,-0.028090799873,0.091708329339,-0.49819318216,-0.35677768146,-0.17084491965],[1.0964431011,2.1902546002,0.83606908424,0.11677395951,-0.7949724234,1.2636218561,1.8222184968,0.32665644737,-1.3149041407,0.28901675933,1.1276028734,2.3665282024,-0.37355918249,0.54007101091,-2.4804145476,-1.4659234217,-2.7415407143,-0.3107040211,1.7384751491,-1.4180302055],[-0.16872259915,-2.1222792987,-0.74546889949,-0.83771103238,1.1496690426,-1.2181142045,-0.62532575234,0.71928759138,1.1746021405,1.2921016514,-1.3971414105,-0.22442463556,0.92465686901,0.51050740418,1.37824913,1.4352755041,0.60068249257,1.5144549656,1.0915548325,0.85099496276],[1.545167666,-0.042734129093,-0.93136800198,0.336796094,-0.81872884346,0.91070387018,0.85358602333,-1.0468811005,-0.3006421811,-0.47785764219,-0.22165809341,1.9029509726,0.44180049578,-0.60034167037,-0.050379044558,-1.6580786658,-0.6269312674,-0.73962804411,0.80196352368,-0.5772677979],[1.0915626615,-0.28691431117,0.64765935323,0.55023283956,-0.43356715222,1.7920956219,-1.3106995835,-0.69398151626,-0.14316513729,-0.27780559199,0.9068414288,0.42607062008,-0.60126305501,-0.68837621462,-0.093193106833,-0.65113372413,0.65140942265,0.12815018899,-0.4173392403,0.33067034619],[1.151865309,0.31836165732,-0.76728506136,0.84605633289,-0.27829799774,1.1465063293,1.049752963,-1.8896914485,-0.57712635411,0.0079921676466,0.75126016544,0.25876521216,-0.21438482619,-0.22385574106,-0.59783107157,-1.5876661373,-0.65698227202,-0.0086953569212,0.7689867997,-0.98227729231],[0.15856271408,-0.26684760884,-0.871921911,-0.22653344945,0.98394713933,-1.352997178,0.10575351469,0.021915976542,0.81801084471,0.58006154814,-0.74884117807,0.6299742217,3.2655105131,1.2545672338,1.5636443345,0.27929094102,0.2258233395,0.42479896821,0.50890665222,1.0731095223],[0.1443435562,0.30623650752,0.91393202021,0.22073604371,-0.93528522112,0.82701680299,0.47792937038,-1.0551475943,-1.0130491871,0.20165190333,0.50059964677,0.36232570832,-0.12963251042,0.79865385927,-1.3753466629,-0.33334924572,-0.93898186924,-0.93275188767,-0.40432962332,-0.46296730728],[-0.77676635026,-1.3083866154,0.3157310788,-0.43297632997,0.59470351751,-0.4470997627,-1.2318964613,0.69361273187,0.45164141862,0.13797218343,-0.43840951276,0.43993196843,-0.33482284648,-1.0107935516,0.15526772878,0.36173926604,1.5475560174,1.5096261199,0.82432060026,0.85562758638],[-0.44426581046,-1.3148154758,-1.4294841925,-0.52570553278,1.3670687288,-1.0977979043,-0.28589151027,1.1863962579,0.87521144323,0.41725335009,-1.4674345161,-0.23323114155,-0.62501894501,0.97807637276,-0.92250219816,1.8449327151,1.4821904858,-0.079242593079,-1.1314401545,1.1329320391],[-0.076626211575,-0.20114720022,0.33449837983,0.17503567312,0.31675722318,-0.69353457682,-0.87876229799,-0.91103743072,0.41095793992,-0.80873993644,-0.80318563512,-0.55674771754,-0.80305678496,0.84462701914,-0.49203546889,0.12197238188,1.3541255504,1.7043621769,0.94578011256,0.50425576945],[1.0424660351,0.67165351493,1.4352873122,1.1415720015,-1.0714573579,1.5309915565,0.86294804997,-2.1709860503,-1.6664248612,-1.9259766388,1.21613405,1.4264421409,-1.7030645111,-0.66631870266,-1.6222344911,-0.50352068472,-0.82204614173,-0.26548924812,-2.1684143517,-0.29396380675],[-1.6201920975,-1.3124138203,-2.787584864,-1.3728104491,0.84610950213,-0.4037904866,0.14745618839,-0.29468103235,0.45248884032,-0.78205543845,0.2498126446,0.70917458524,-0.021250948888,2.1681664828,0.56806530832,0.13796432362,-0.58758301811,-0.67981145769,1.3338625202,-0.16918713643],[-2.3843304132,-2.2330979727,-0.4620202848,-0.47004552064,1.2160448002,-1.6723965006,-3.9734121013,1.1292600742,2.1042046388,0.44570363137,-1.8496143122,-2.1556901934,0.54558925915,0.82307208871,0.16230402689,2.0281746282,2.3931854265,1.9413053457,0.34581175292,1.7131254316],[-0.83140927279,-1.3601044066,-0.20888991402,-0.68477171498,1.3508002863,0.5833292873,-0.099117791227,-1.3862598679,1.0993534083,-0.30792215695,-0.73832458925,-0.84808629904,0.87408712138,0.28634945171,0.69898171691,0.48210982289,0.096529679026,0.11148170083,-1.6182919061,0.42607107259],[0.44674646083,-0.42664100897,1.1605179416,-1.157752328,0.49081846765,-0.69835315283,-0.72880688546,-0.62605034339,1.1637852692,1.0705369106,-0.19240575866,-0.088978219455,0.84341131199,-0.65218825523,-1.0699089353,0.46302059989,1.067319124,-0.0097481814167,0.92655898098,1.0509373716],[-1.0403487804,-0.36560585022,-0.012327829285,-0.75281590391,0.13200349896,-0.045256033677,-1.3954864845,-0.46072438461,0.42718021365,-0.9511191119,-0.46402170042,-0.27383738041,0.6647432957,-0.37520819049,0.68347559338,0.25658331938,1.0277232572,-0.040608792075,1.2111154494,0.61791605187],[0.40765833488,-0.62490866733,-0.67675637607,0.15194108389,0.59755402621,-0.5103353228,0.5325637564,-1.7182614311,-0.22158503399,-0.079096245887,0.18298709061,0.48474799045,-0.017432710401,-1.3605086072,-0.32415901725,0.3570837184,0.3159103877,0.94903541853,-0.28536400136,0.64287985218],[-1.3833704784,-2.4348726282,-0.34382003558,-3.3785985966,2.1751850924,-1.658813238,-0.67881206938,1.0058051305,1.9295750909,1.6685052539,-1.8543039333,-1.1391804336,1.6202147075,0.99933389713,0.63510836903,1.6556289837,1.6203028608,1.0631233154,0.34806944709,2.1032446694],[0.077249294592,-0.051245906293,0.94140740334,0.5244444868,-0.61146467845,0.3647198574,1.172596463,-0.15584623451,-0.26184602973,-1.1986929621,0.537758781,-0.89184019508,-0.43119109426,0.5392343234,1.2508091645,0.78061122804,0.15199520824,-1.3945713976,0.92227486287,0.2298946476],[-1.5816239737,-1.3805748752,0.26655568502,-0.40282747523,1.0702687136,-0.5439557997,-1.0604688382,1.4506695694,1.0137201113,0.28153749261,-0.63234055465,-1.911151149,0.48404283099,-0.11728800778,0.34918233505,0.69494732396,0.92739994295,-0.17427828391,-1.7663797223,1.3299023986],[-0.76427427735,-1.3463560991,-1.8410354936,-1.1599696286,0.38389712186,-0.72939647261,-1.4151316645,1.091232749,0.44584286308,1.5611548893,-0.43676211503,-1.1722281887,-0.43457509948,-0.45864067256,-0.3643739124,0.16545080479,0.27807924655,-1.1578808661,0.61086769875,0.4715204542],[0.30259130734,0.34479966261,0.84917828457,0.54049173758,0.15123004052,0.8309884652,-0.63074755781,-0.084713670923,-0.43288669917,-1.2578775327,-0.51961855322,0.70961196438,0.81917711888,0.53745750571,2.3731977218,-0.58531802972,1.3185155112,0.14567462173,-0.093182554739,-0.62357803216],[-0.81494274922,-0.14148908489,-1.0430140819,-0.87225609539,0.71698872175,0.80288015054,0.03082186229,1.7299448352,0.31683390095,1.4549825344,0.20724738156,1.4199881022,-0.9388526879,0.66219197196,-0.0051769851137,-1.0914768669,-0.22432154251,0.28382888225,-0.58082239271,0.27045222433],[-0.073945660111,-0.73785711827,-0.5610740422,0.99981622876,-0.12791874642,-0.17298470368,0.98550884329,0.25453130494,0.65522026274,1.2906774213,-0.61480781645,1.0120580659,0.65756024556,-0.2634044145,0.69144138007,-0.52873652735,0.2004866626,-0.45112330415,0.99936766774,1.1106105738],[0.094162045713,-2.0105389516,-0.54955754951,-0.86386111926,1.5518102822,-1.1977068488,-1.7270819544,1.1557192289,1.3100821213,0.92974584881,-2.1670294721,-0.71776740299,0.93933875325,0.29065464729,1.3086569381,2.0209038946,1.1225677337,1.473614734,1.1692077456,1.7850513818],[-0.55536684364,-0.48495318687,-0.98586166522,0.78721357036,-0.019077791335,0.60587009161,1.076534179,0.31740750075,0.091935452774,-0.71465708941,-0.66607947435,0.27743499865,0.10233732712,0.16632380184,-0.46090143033,0.19365762589,-0.58692177946,0.54839813163,0.33150412559,-0.23826084748],[-0.75664157238,-1.8952093563,-2.1798908308,-0.49599130299,1.0603555802,-0.37614119406,-0.10615558473,0.038426862856,1.3010308063,1.060869601,-0.83864602156,-1.407585942,1.3659475739,-0.0082619654888,0.099027462796,0.9438755837,1.0813956025,-0.27282989196,1.4959675625,0.79463434731],[0.87479866241,-0.023544266584,-0.21518708592,0.92379705446,-0.97846547665,0.49481682533,0.95659792903,-0.012275874958,-0.40114420847,-1.9554403152,0.77380403269,0.48145225432,0.60709130344,-1.2167451818,-1.508638081,-1.612000111,-0.56983787537,-1.6282201185,0.76540098139,-0.72546634499],[-1.0007930956,-0.53701219144,-0.035490607523,-0.40851410636,0.78176444256,0.0081403184222,-2.2078983031,-0.23082037801,0.9727739819,0.93478093249,-0.74540451461,1.4526414247,2.4323421556,0.78769784749,0.79231449096,0.62622595707,0.73613770159,-0.48989780333,-0.063464901225,0.91190409136],[0.64561291921,-0.70581013115,0.76137050147,1.0364266194,-0.1800011984,0.13179209922,-0.11941696073,-1.7620342411,-0.43808191695,0.30240004681,0.63475083359,1.1743747805,-0.35966516795,-0.10128314112,-0.88847679561,-0.66416083968,-0.51593735095,0.14187333116,0.7225883324,-0.45376903368],[-0.17872183788,-0.38622271527,-0.62879700745,-0.31700567469,1.4683641428,-0.95749622139,-0.19446777616,1.2004546462,0.87302685339,0.52772144052,-0.99168907546,-0.11715495578,0.44562617989,2.5407472749,-0.21714789575,0.30511347081,0.38643268249,1.0706664552,0.19933425649,1.7873232545],[0.52811195114,0.52605023369,0.46362098243,-1.1824142777,-0.2031927843,-0.0076402485252,0.82388483345,2.0605655185,-0.4537917562,0.2899175337,0.1134962665,-0.33817018602,-0.069084943396,-0.27882889064,-1.3019231709,1.0854617961,-0.59053158456,-0.077941719385,2.1764760219,-0.54086784725],[1.2760515357,0.759123113,-0.47689380588,-0.1724718398,0.39826887906,-0.36436872062,-0.1682478751,-0.18222074917,0.28539062207,2.0990064316,-0.42897100459,0.024230002273,0.79054670632,1.0845521541,1.15858399,0.11824450838,-1.4371195145,-0.94759148789,0.11810745101,-0.48561968356],[0.65441352852,0.68694381956,1.4316273313,0.26815713375,-2.0192124845,1.4976782257,-0.057893583238,-1.3397842763,-1.5739678333,-1.5861028578,1.7447143946,1.4639701744,-0.65269172137,0.37754134698,0.42311860259,-1.4862053109,-1.8724103684,-0.62281622921,1.94128687,-1.6164109902],[-1.8939027446,-0.90895433973,-0.47487581913,-0.67527333357,0.16360206398,0.2268913195,0.049744575474,0.039616931787,0.2503000164,0.10053858413,-0.20996409161,0.18007621266,-1.1460034334,-0.86768562882,-0.70733825257,-0.073670566433,0.8615108784,0.014787427083,1.0625750152,0.60675751296],[-0.32821322134,-0.16024844777,0.91374553387,0.25246646273,0.34851087788,0.55475102515,1.4128158577,-0.85275921143,-0.21929273363,-0.09237614682,-0.56624913552,-1.0632702375,0.47035898332,1.6178012419,-0.56008200993,-1.2887497545,0.19793455588,0.26795999651,1.1385606535,1.5576034764],[-1.2245747784,-1.5278926046,-0.20350828863,-0.35168508108,0.50301755584,-0.75986269875,-1.9474095293,0.33970107272,0.91063373671,-0.68248537812,-0.53783929098,-0.19148902209,1.191073102,-0.71406535032,0.23152056854,0.95218051957,1.0048393782,1.1413515558,-0.32215114782,-0.12336351484],[-1.8866137229,0.31205791141,1.3177504926,0.22177693907,0.57159946919,-0.65951560607,-0.55014382636,0.54487787045,0.30188452019,-0.26107254843,-0.35635659911,0.06464865084,1.1846152994,1.1930806092,0.46170139762,0.69026531913,0.61417651557,0.80229532951,-0.68003874776,0.33200241821],[0.73311693806,0.52162128264,0.2046432991,1.0541194394,-1.2095237835,0.39871601472,-0.3910091528,-0.43216355542,-1.0731289851,-1.6589741128,1.5682566155,0.20713549762,0.754813136,-0.57625048888,-1.4045997414,-0.93578782761,-1.2622416925,0.51839929926,0.45999499837,-0.62624627784],[0.027336191783,-0.75552235058,0.83726646668,0.46652986889,0.38279916597,-0.10357930603,1.6639268986,0.99814701943,0.021286904358,-0.43734329757,0.60548778608,1.3541316182,0.2495140545,0.79375194793,-0.13762046875,0.76626589312,-0.16272602186,0.073969328332,-0.71698060029,-0.81148149659],[-0.78505719203,-0.81648901044,-0.56721930729,-0.1810190731,0.7640384084,-1.0786032516,-0.26777577392,-1.4826751048,0.2997823301,0.064645549384,-0.87888288396,0.074705385191,0.043589945509,0.64732910989,0.66874998664,1.7299073921,1.324096064,0.30841316235,0.5168958528,0.75166787336],[-1.5998568552,-2.0169067092,-0.76017756918,-1.7567611849,1.7219502251,-0.99952901298,-0.73793014546,0.10559330178,1.3955181491,1.2317442822,-1.153472924,0.81107379803,1.923976408,1.2803563293,-0.81276178209,1.9142320825,0.40077687804,-0.015445349272,0.60136157685,0.43094885422],[0.33655802995,0.69854304831,2.5915531005,1.0793999071,-2.1024804427,0.21690031781,0.26718775359,-0.014232275918,-1.3235443529,-0.92250647012,1.2413707418,0.41688137008,-0.4770994082,0.64024452523,-1.6726316586,-1.6324066291,-1.0312595053,-1.237352808,0.90897318287,-1.7676449078]],"cov":[[1,0.61939056242,0.32805009626,0.39625998207,-0.64940519702,0.61382282083,0.45068750942,-0.47781803154,-0.73811866607,-0.42550012667,0.59067431517,0.36794098405,-0.40166251775,-0.30167863331,-0.31193115276,-0.57664851723,-0.70056480225,-0.58879329685,-0.061720545793,-0.62486346835],[0.61939056242,1,0.40597773112,0.49236907622,-0.79867103238,0.69591166982,0.45117784044,-0.53935404785,-0.82267456477,-0.51331824524,0.67635773145,0.36349010874,-0.48230294095,-0.39918494887,-0.30372648974,-0.64150502284,-0.72818307232,-0.6605691488,-0.032650771831,-0.70595712403],[0.32805009626,0.40597773112,1,0.35257402087,-0.49510571916,0.38911962862,0.20619956707,-0.30529559546,-0.48574979515,-0.33547577083,0.37702630206,0.16908431247,-0.31319479263,-0.3056289848,-0.14218928263,-0.34512362792,-0.29565620357,-0.36125322586,-0.027763212485,-0.38549644862],[0.39625998207,0.49236907622,0.35257402087,1,-0.60561895697,0.47249938608,0.2460841733,-0.36967091186,-0.58303933027,-0.40570298405,0.45929135137,0.20032251097,-0.37865445263,-0.36918275892,-0.16735923334,-0.4188442458,-0.3638053039,-0.43859203253,-0.024995871805,-0.46907810513],[-0.64940519702,-0.79867103238,-0.49510571916,-0.60561895697,1,-0.77927298328,-0.40385619441,0.59758368142,0.88153487486,0.61669123319,-0.7714229782,-0.31297205298,0.57599275539,0.52751337534,0.25082743212,0.69932375127,0.72929649367,0.72905606764,-0.043098374072,0.78946857387],[0.61382282083,0.69591166982,0.38911962862,0.47249938608,-0.77927298328,1,0.45266917947,-0.53118994641,-0.8068905758,-0.49798752121,0.66707219341,0.36420822703,-0.468238277,-0.37973118709,-0.30418534659,-0.6348159751,-0.73672963811,-0.65269013094,-0.030679689966,-0.697623653],[0.45068750942,0.45117784044,0.20619956707,0.2460841733,-0.40385619441,0.45266917947,1,-0.35593814605,-0.56614442503,-0.27979966641,0.42672431571,0.33684478512,-0.26677841576,-0.1586941056,-0.29151827312,-0.43947056629,-0.58824383313,-0.44223615688,-0.095417332561,-0.46282926977],[-0.47781803154,-0.53935404785,-0.30529559546,-0.36967091186,0.59758368142,-0.53118994641,-0.35593814605,1,0.63249721661,0.3870596007,-0.51465899815,-0.2881781771,0.36406450725,0.2955485081,0.2420185294,0.49182691186,0.56559539849,0.50542388396,0.034028828939,0.53897254518],[-0.73811866607,-0.82267456477,-0.48574979515,-0.58303933027,0.88153487486,-0.8068905758,-0.56614442503,0.63249721661,1,0.59707969376,-0.77321124857,-0.4671201439,0.56216192051,0.45933169446,0.39870796774,0.74858596438,0.83244797452,0.76824166494,0.10224134459,0.8131245873],[-0.42550012667,-0.51331824524,-0.33547577083,-0.40570298405,0.61669123319,-0.49798752121,-0.27979966641,0.3870596007,0.59707969376,1,-0.48561298614,-0.22510852873,0.37605874973,0.34626645106,0.18687910104,0.44813358496,0.44279179001,0.46629328129,0.015876458157,0.49967870573],[0.59067431517,0.67635773145,0.37702630206,0.45929135137,-0.7714229782,0.66707219341,0.42672431571,-0.51465899815,-0.77321124857,-0.48561298614,1,0.34051120323,-0.45621089031,-0.3734865932,-0.28219254905,-0.61531555014,-0.71479276635,-0.63356891611,-0.013079971317,-0.67926597898],[0.36794098405,0.36349010874,0.16908431247,0.20032251097,-0.31297205298,0.36420822703,0.33684478512,-0.2881781771,-0.4671201439,-0.22510852873,0.34051120323,1,-0.2149518079,-0.12592352323,-0.2468214623,-0.35495999548,-0.47139006906,-0.35649792972,-0.093251220748,-0.3710845989],[-0.40166251775,-0.48230294095,-0.31319479263,-0.37865445263,0.57599275539,-0.468238277,-0.26677841576,0.36406450725,0.56216192051,0.37605874973,-0.45621089031,-0.2149518079,1,0.32191983867,0.17876302806,0.42213400532,0.4206261998,0.43887701532,0.017105198302,0.47000585446],[-0.30167863331,-0.39918494887,-0.3056289848,-0.36918275892,0.52751337534,-0.37973118709,-0.1586941056,0.2955485081,0.45933169446,0.34626645106,-0.3734865932,-0.12592352323,0.32191983867,1,0.10187603171,0.32859458042,0.24916548041,0.34792686679,-0.0042910930486,0.37536287242],[-0.31193115276,-0.30372648974,-0.14218928263,-0.16735923334,0.25082743212,-0.30418534659,-0.29151827312,0.2420185294,0.39870796774,0.18687910104,-0.28219254905,-0.2468214623,0.17876302806,0.10187603171,1,0.29785762341,0.39478382898,0.29847308663,0.090672894905,0.30911738665],[-0.57664851723,-0.64150502284,-0.34512362792,-0.4188442458,0.69932375127,-0.6348159751,-0.43947056629,0.49182691186,0.74858596438,0.44813358496,-0.61531555014,-0.35495999548,0.42213400532,0.32859458042,0.29785762341,1,0.70909103683,0.60645958251,0.038361137051,0.64682803208],[-0.70056480225,-0.72818307232,-0.29565620357,-0.3638053039,0.72929649367,-0.73672963811,-0.58824383313,0.56559539849,0.83244797452,0.44279179001,-0.71479276635,-0.47139006906,0.4206261998,0.24916548041,0.39478382898,0.70909103683,1,0.71702724823,0.036104843079,0.76487599841],[-0.58879329685,-0.6605691488,-0.36125322586,-0.43859203253,0.72905606764,-0.65269013094,-0.44223615688,0.50542388396,0.76824166494,0.46629328129,-0.63356891611,-0.35649792972,0.43887701532,0.34792686679,0.29847308663,0.60645958251,0.71702724823,1,0.034333278769,0.66447241681],[-0.061720545793,-0.032650771831,-0.027763212485,-0.024995871805,-0.043098374072,-0.030679689966,-0.095417332561,0.034028828939,0.10224134459,0.015876458157,-0.013079971317,-0.093251220748,0.017105198302,-0.0042910930486,0.090672894905,0.038361137051,0.036104843079,0.034333278769,1,0.024623599503],[-0.62486346835,-0.70595712403,-0.38549644862,-0.46907810513,0.78946857387,-0.697623653,-0.46282926977,0.53897254518,0.8131245873,0.49967870573,-0.67926597898,-0.3710845989,0.47000585446,0.37536287242,0.30911738665,0.64682803208,0.76487599841,0.66447241681,0.024623599503,1]],"inv.cov":[[2.3200506647,0,0,0,0,0,0,0,1.1707534138,0,0,0,0,0,0,0,0.65075452716,0,0,0],[0,3.4194105157,0,0,1.1370204991,0,0,0,1.3948653308,0,0,0,0,0,0,0,0.49957897228,0,0,0],[0,0,1.4155750051,0,0.41479888795,0,0,0,0.73406906875,0,0,0,0,0,0,0,-0.49506215213,0,0,0],[0,0,0,1.7369668781,0.70041712126,0,0,0,0.95906939623,0,0,0,0,0,0,0,-0.67726936401,0,0,0],[0,1.1370204991,0.41479888795,0.70041712126,8.8480498957,0.98572015586,-0.70432762791,-0.31003238477,-2.5014790524,-0.67206534907,1.1696638632,-0.61094116298,-0.55203359544,-0.81293459291,0.57114894123,-0.44739575539,0,-0.62945367964,0.66704314539,-1.1484355626],[0,0,0,0,0.98572015586,3.1864577897,0,0,1.1281891378,0,0,0,0,0,0,0,0.68951687819,0,0,0],[0,0,0,0,-0.70432762791,0,1.6786947674,0,1.0476081206,0,0,0,0,0,0,0,0.62906625594,0,0,0],[0,0,0,0,-0.31003238477,0,0,1.701896604,-0.61902591856,0,0,0,0,0,0,0,-0.22117248469,0,0,0],[1.1707534138,1.3948653308,0.73406906875,0.95906939623,-2.5014790524,1.1281891378,1.0476081206,-0.61902591856,13.5700329596,-0.64384300545,0.61923811063,0.88552526753,-0.57196019072,-0.50548057202,-0.80178513333,-0.86339774116,-1.4098439339,-0.91520707528,-0.8571095976,-0.96118317422],[0,0,0,0,-0.67206534907,0,0,0,-0.64384300545,1.6724395675,0,0,0,0,0,0,0.28555819861,0,0,0],[0,0,0,0,1.1696638632,0,0,0,0.61923811063,0,2.8685033,0,0,0,0,0,0.68187014397,0,0,0],[0,0,0,0,-0.61094116298,0,0,0,0.88552526753,0,0,1.394954351,0,0,0,0,0.36597116051,0,0,0],[0,0,0,0,-0.55203359544,0,0,0,-0.57196019072,0,0,0,1.5428602765,0,0,0,0.22975581288,0,0,0],[0,0,0,0,-0.81293459291,0,0,0,-0.50548057202,0,0,0,0,1.5016782232,0,0,0.63949025063,0,0,0],[0,0,0,0,0.57114894123,0,0,0,-0.80178513333,0,0,0,0,0,1.276277357,0,-0.2529461718,0,0,0],[0,0,0,0,-0.44739575539,0,0,0,-0.86339774116,0,0,0,0,0,0,2.4501485441,-0.69236051502,0,0,0],[0.65075452716,0.49957897228,-0.49506215213,-0.67726936401,0,0.68951687819,0.62906625594,-0.22117248469,-1.4098439339,0.28555819861,0.68187014397,0.36597116051,0.22975581288,0.63949025063,-0.2529461718,-0.69236051502,5.7225018547,-0.67774539191,0.18696389678,-1.0084386924],[0,0,0,0,-0.62945367964,0,0,0,-0.91520707528,0,0,0,0,0,0,0,-0.67774539191,2.6479691451,0,0],[0,0,0,0,0.66704314539,0,0,0,-0.8571095976,0,0,0,0,0,0,0,0.18696389678,0,1.1096302106,0],[0,0,0,0,-1.1484355626,0,0,0,-0.96118317422,0,0,0,0,0,0,0,-1.0084386924,0,0,3.4595460093]],"n":[100],"p":[5],"q":[15],"S":[[1,0.6267380262,0.27598617412,0.40624028139,-0.56809048614,0.5475849886,0.37336494273,-0.44870328868,-0.65582151141,-0.32412506228,0.60563836473,0.41654998884,-0.27699534085,-0.31410761329,-0.27776111826,-0.50603547028,-0.63814922956,-0.45742474771,0.0131296207,-0.50763942007],[0.6267380262,1,0.40176079919,0.48502710535,-0.79362028817,0.71807994565,0.47946861319,-0.47812119273,-0.85431917731,-0.45597887361,0.75005913062,0.38476786273,-0.38285625588,-0.32057790981,-0.19036344153,-0.74581624576,-0.71652314583,-0.53269254378,-0.029126602953,-0.66685917044],[0.27598617412,0.40176079919,1,0.33078049805,-0.48966990041,0.42468398808,0.14779566785,-0.16728002368,-0.45829432299,-0.40888704627,0.4036285507,0.095620480238,-0.31716936493,-0.2472242691,-0.076656698218,-0.29115238893,-0.21167153601,-0.13668182331,-0.11152068996,-0.31444261717],[0.40624028139,0.48502710535,0.33078049805,1,-0.58353649885,0.37714476579,0.31199259001,-0.4542123073,-0.60521916967,-0.44476672732,0.36794138181,0.33638942022,-0.31340077701,-0.33326841748,-0.22406123629,-0.49156005681,-0.30010705844,-0.3602339284,-0.056473223311,-0.46152138398],[-0.56809048614,-0.79362028817,-0.48966990041,-0.58353649885,1,-0.77679124507,-0.44450639958,0.50461697913,0.87849109951,0.62496978974,-0.79420140742,-0.32551410755,0.49820308788,0.49683045616,0.25788161858,0.75595054636,0.65373544764,0.58477694121,-0.029123100973,0.74624562401],[0.5475849886,0.71807994565,0.42468398808,0.37714476579,-0.77679124507,1,0.45235246866,-0.52948228201,-0.7893314961,-0.56701560188,0.75990074525,0.41103538809,-0.39547049545,-0.39230993108,-0.31381969632,-0.73369811921,-0.71657691621,-0.57319688106,-0.12188078174,-0.64998397884],[0.37336494273,0.47946861319,0.14779566785,0.31199259001,-0.44450639958,0.45235246866,1,-0.26810785381,-0.50887291371,-0.24989856172,0.48409130918,0.32021777577,-0.26123850785,-0.16009154019,-0.24301061945,-0.47208040477,-0.60314186892,-0.40767918175,0.03556409897,-0.53138499149],[-0.44870328868,-0.47812119273,-0.16728002368,-0.4542123073,0.50461697913,-0.52948228201,-0.26810785381,1,0.56958809205,0.38361012614,-0.48254964871,-0.36388018267,0.28453676596,0.23172960532,0.17903549263,0.5109575546,0.46113658072,0.40251220412,-0.017424505963,0.4186279427],[-0.65582151141,-0.85431917731,-0.45829432299,-0.60521916967,0.87849109951,-0.7893314961,-0.50887291371,0.56958809205,1,0.61681635494,-0.79184467975,-0.50366462049,0.56993834447,0.38935940335,0.35264596014,0.77846304476,0.75894064897,0.61222992465,0.05069067521,0.74781640572],[-0.32412506228,-0.45597887361,-0.40888704627,-0.44476672732,0.62496978974,-0.56701560188,-0.24989856172,0.38361012614,0.61681635494,1,-0.51557708661,-0.2151570679,0.2559959434,0.30132153443,0.15040089821,0.4468974732,0.39274217279,0.32117440345,0.066541173792,0.51178906606],[0.60563836473,0.75005913062,0.4036285507,0.36794138181,-0.79420140742,0.75990074525,0.48409130918,-0.48254964871,-0.79184467975,-0.51557708661,1,0.37119141005,-0.38484995666,-0.39343977028,-0.35857487447,-0.70620331835,-0.77136687686,-0.55865987403,-0.013655038448,-0.68178216314],[0.41654998884,0.38476786273,0.095620480238,0.33638942022,-0.32551410755,0.41103538809,0.32021777577,-0.36388018267,-0.50366462049,-0.2151570679,0.37119141005,1,-0.22944945986,-0.065486438304,-0.28923433062,-0.44224460028,-0.4777958305,-0.35339997366,-0.055754258881,-0.40004931833],[-0.27699534085,-0.38285625588,-0.31716936493,-0.31340077701,0.49820308788,-0.39547049545,-0.26123850785,0.28453676596,0.56993834447,0.2559959434,-0.38484995666,-0.22944945986,1