{"data":[[0.069872530231,0.11323435435,-1.4982444247,-0.60057150288,0.77724052782,0.33955895996,-0.31535100783,0.67201818009,0.33987134655,0.40645533011,0.1089237651,0.17444631963,-0.50105116474,-2.072980046,-0.77916988288,0.21809198473,0.67647303485,-0.16807347106,1.4358538015,0.96641170593],[1.1210905397,-0.21614096567,0.70419472935,0.18724467834,-0.35212099452,-1.1784877213,-0.52831010706,-0.27573354672,0.53093497064,-0.24262127064,0.82450185047,0.44621301989,-0.11900544744,-0.75964932993,0.18770901395,0.48005828939,0.82183886875,0.68394754341,-0.59451670186,0.47134140302],[0.99284526982,-2.1269658924,-1.5622648362,-0.064146781921,-0.28336868014,-0.33894707347,0.22958704445,-0.73315460002,0.17327303889,-1.1408442677,2.4646473165,0.49489536606,0.50147598227,0.035355444633,1.1717288084,1.5472649916,-1.841719345,0.26785528445,-0.17910463438,1.0684614263],[-0.77922325159,0.053363782317,-0.47790355643,0.16764278123,0.54695874962,-0.45765619894,1.1504060385,0.81009502941,0.18279783507,-0.56591333967,-0.89595222791,-0.09059774796,1.6944174425,-1.2790485119,-0.94693948597,-0.28009897594,0.53124115364,-0.20168765927,0.0038883188173,0.53455345679],[0.18620370538,-1.114491569,-0.433607614,-2.0917910765,1.4017537773,1.3636075424,1.1545171366,0.9246014582,-1.006674036,-1.7707789233,-0.11641012406,-1.7762893676,-1.4859563222,-0.51937263395,-0.70298413478,-3.5890137498,-1.2710147035,-0.52662498537,0.63441959486,1.16644034],[0.76286766868,-0.86878850824,-0.46749476623,-0.82316306073,0.25207533102,0.56928940682,0.33462596773,0.99274302928,0.38901057493,-0.31889079614,0.18210646803,-0.71774902051,-0.040624795732,1.3231456531,0.34099243834,-1.1137895723,-0.590873935,-0.40858223313,1.1710364826,-0.25640759238],[1.5023459386,-1.2417085523,-0.19809141948,-1.2830665822,1.5828897244,0.85607630162,-0.26239385836,0.084616502222,-0.22245931707,-0.5902317443,0.67893172258,-0.23449666126,-0.59576221601,1.0409221436,-0.60862535159,-2.297355417,-0.36033143627,-0.32301479017,-0.43076407745,1.3911009687],[1.0050429798,0.26992969547,-0.90777550893,1.2169273077,-0.43808485557,-1.0303363542,0.0019150703596,-0.24852511353,1.1043698679,-0.17430679198,0.50026803181,0.5481446979,-0.31243088818,-0.66946670198,0.69887088131,0.12524061717,-0.44650000373,1.2507901962,0.98756746193,-1.0691730684],[-1.4640376887,-1.7253146045,-0.047455956978,-1.2586655111,0.94923420847,0.077135203728,0.56987491295,0.099144231912,-0.70115839158,0.79913285354,-0.36841925212,-1.2400511259,-1.1354364475,-1.6943549467,-1.3387908664,-0.95376509179,0.49216001578,-1.5707500956,0.1403601801,1.4996213041],[1.5876227375,1.560153554,0.5293213508,1.0200165914,-0.71818581488,-2.016299257,-1.6158658573,-0.69483337553,1.6178145804,-0.12582855148,1.0413188432,0.91584118998,-0.761723521,0.57807135947,1.4243173998,-0.56198557326,1.4914859932,0.78375490599,-1.144580036,0.060889967734],[-1.9881955615,0.090928343811,0.46835764287,-1.2990361588,1.4270353137,1.9902513042,-0.43132432618,2.5289090029,-1.6713306799,2.2245351632,-2.2170496695,-2.8465177928,-0.0080395935067,-0.20667039534,-0.84531250808,-0.69707946765,-2.0527951564,-2.1358226319,-0.16913708892,2.763619692],[1.0819372317,-0.71666549664,0.42305787947,-0.036562390397,-0.00302995062,-0.21063997947,-1.0338925983,0.038163899432,-0.55167064553,0.0096947999959,0.40431342306,0.43782245797,0.062543878902,0.62264280575,1.0285068227,-1.8379885114,-0.19993752252,0.17044694491,-1.2195121063,0.08383126033],[0.6542039455,-0.36025517099,-0.70399725519,-0.38419169819,0.64908551689,1.3144400848,-0.072880334281,-0.31909062281,-0.65310053474,-0.65153050366,-0.45295600797,-1.1757555065,1.8836901286,-0.10445321587,-1.0001380775,0.054528662358,-0.84066181074,-0.62163987618,1.5998976448,0.62692231404],[0.80737111539,-1.4197750565,0.69727124925,-0.96696411816,0.44410723488,0.742808352,0.61865234726,0.78077095013,-0.074430589056,-1.0595563922,0.10345827172,-0.13642464254,-2.3411422937,0.10712547207,-0.69486963284,-0.39819688322,0.69314764248,-0.80478060282,0.33928035005,0.75110448034],[-0.027891663825,-0.58741838034,-1.1082565625,-0.2098414902,0.87028015348,0.58463725551,0.10039710406,0.0080896286008,0.70314315595,1.0374276634,-0.52818385213,-0.67683916829,1.5773722403,1.6298261094,-0.97565067956,0.2334900031,-1.1811643725,-0.38515322206,0.25006762871,-0.55058086412],[-0.19553693252,0.83325624688,-1.2700190142,0.75418617825,-0.077982626481,-1.6705718588,0.94879919153,-0.25395374201,1.749047451,-0.63797535591,1.1791847865,-0.0047039175596,-0.66897102196,0.8897970846,0.99736721802,-0.1856981346,1.1494499021,0.78040049108,0.58592479828,-0.71970684543],[2.4724772379,0.052191474469,-1.1309798005,1.1275868525,-0.43046414855,-0.63872418098,-0.014410053625,-1.7556925362,1.4718118183,2.5781679131,1.4372824578,0.68695610903,0.80555139853,1.3948437538,1.0266121218,-0.2419414252,1.2936183591,1.1339351924,-0.73336620347,-0.14428618606],[-0.093427264204,0.91932690961,-0.62444619187,-0.32753595447,0.080043653328,0.085789626436,0.23701108743,-0.02294532698,-0.67999371519,-0.3341205027,-0.34742605231,-0.11655800089,0.76211080936,-0.20305247633,1.0772352082,0.53540854634,-1.0511206638,0.32433133082,0.39683498008,0.3693358604],[-1.3471252321,1.4154710858,0.39634882052,2.0608693263,-1.9598067188,-1.1380556583,-1.9660531753,-0.45848355399,0.7372035587,1.6329585033,0.39455040276,0.60957123055,0.88141795144,-0.21928669005,-0.28490149004,0.080413323454,1.4438034927,1.2634418041,0.44420949079,-1.2645980846],[0.49899973556,-0.39396562784,1.4385395254,-0.39547413243,1.2110205164,1.0463319356,-0.015399725712,0.22538478421,-0.66456460525,0.8357637467,-1.5725304157,-0.75682178509,0.67467081943,-2.0786959924,-0.33762977138,0.85896260391,-0.42228137305,-2.1518317815,-0.057448182716,-0.079898266672],[0.87410176507,-2.110110759,0.40870812724,-0.043308041283,-0.08362927734,-0.63352784167,1.6964694698,-0.021848030259,0.96944884454,-1.3968148157,1.364473252,0.43526671285,-0.006428321906,1.2228869048,-0.11787745486,-0.47325511115,2.257644855,-0.49782643662,-0.74529876336,1.311594379],[0.51089808457,0.69851629292,1.7677206282,0.67506783375,0.46482884735,0.80552607442,-0.75588163872,-0.98556578667,0.41412334225,0.60853594443,-0.74423963343,0.30766745921,0.53654659087,0.049758867402,-0.65796526979,0.37458168764,-0.74830917348,0.43808094033,-1.1038423906,0.90090284738],[-0.59782600769,-0.67422792199,1.7794126771,0.12269162781,-0.7067407635,-1.2794407651,-1.6851688338,-0.38375622988,0.56918007365,-0.92175346393,1.095868895,0.55410924162,0.11263227811,-0.23190174425,0.38921837136,0.54197848033,0.58501978677,0.55458038345,0.85755905551,-0.25415535818],[-1.4215148749,-1.0157597549,0.12247303008,-0.74875057644,0.79370941847,0.43351141824,-1.6259258549,1.1177198171,-1.0406725482,-1.0220395896,-1.6445345217,-0.79981506286,-2.1526962564,-1.63920478,-1.0031720072,0.018125650188,-1.4279071797,-2.056509983,-1.9842313725,1.8188152012],[-1.1180427643,-0.61082217043,-0.39817574365,-0.93072495013,0.47854024556,0.72590709107,0.99541119862,0.18550002643,-0.047066571919,-0.63839315685,0.31252924227,-0.38675880552,-1.6909530463,0.9053331146,-0.48005321287,-0.13389253671,0.27487634704,-0.36841522415,-0.57770828874,0.9619111758],[1.5256141783,0.93636307377,-0.52022978117,1.1130313618,-0.30551440861,-1.0622654841,-0.76438589896,-0.43351386308,0.81001134602,-0.306144174,1.0090951373,1.6571775145,-0.12534637404,-0.9302223954,0.80786627071,1.6612900275,0.85955833576,1.7036381952,0.15007661202,-2.7988943863],[-0.0066576516575,0.92012475099,-0.39365742105,0.006574321874,-0.42661842349,-0.33496916814,-0.6526083458,0.20731157376,-0.27146750554,-0.78629133197,0.12629547625,-0.19630735757,-0.61929182985,-0.19260126596,0.0030992442925,1.4199816146,-1.8773098655,-0.30148178382,-0.84583164515,0.57562058952],[1.1589269646,1.0590252063,0.27391604685,0.43147581679,-0.68380849506,-1.026229769,-0.31594517741,-0.81771220084,-0.11984180757,-0.35874604445,0.78247072645,1.4050046164,-0.77381189285,-0.95794335791,0.79141708376,2.4921124313,2.0083330653,0.51098571909,-0.92765471322,-0.40837465902],[0.92062678714,0.49789939901,-1.3827469552,2.7406379095,-1.5305208056,-1.4360233869,-0.81974891533,-2.8659224525,2.8121763339,-1.8936109162,1.379571557,2.8719729403,2.2625340793,-0.26890086855,2.7040105968,1.0364568758,1.4306548967,1.4385358366,-1.6370603047,-2.977018357],[-0.46203553235,-0.075397818885,-0.43794380872,-0.38205854757,-0.16917576368,0.069396696181,-0.77995759793,-0.15005028945,-0.90036910655,0.58238414229,-0.78777723692,-0.4454949401,2.6386946321,0.40268013698,-1.0781041009,0.11068526188,-1.6122031901,-0.68503029377,0.96017744773,0.36082304677],[0.27399153568,-0.56693086656,-0.90505242038,-1.3917463527,1.1557876825,1.0313863276,0.37339709288,-0.54815097565,-0.4557417193,-0.84842996417,-0.99280013112,-0.17976527482,0.3472960293,-1.3955444691,-0.81366138713,-0.16096841586,-0.96802955615,0.55087940669,0.36458277871,0.5833766088],[0.53266565247,-0.7031801081,-0.86412806989,-0.16113977268,-0.28610523436,-0.43774000571,-1.2319833086,-0.74986985956,0.55998756296,-0.65025690061,0.43267813845,0.40413779863,-2.1020533359,-1.5805002257,-0.27589087151,0.79692739662,-0.71879472983,0.52268064568,-0.84719696005,0.063444769946],[-1.0563161472,-0.045743140522,-1.975370523,1.3229623594,-1.5150702799,-0.89990680825,-0.16115874494,-0.65332293404,0.64333881797,0.42417885874,1.0546822973,0.3983793493,1.1353141077,1.0879660998,0.28289811871,-0.30620546378,1.0373738368,0.27588277663,1.4089533119,-0.0016464826613],[-0.65247953819,0.56859055944,-0.53956911843,0.59373713055,-0.91847916046,0.032038686164,-0.14669218747,-0.034454173434,0.10867567982,1.6749972105,0.26932112072,0.077271963852,0.29794553956,1.9745476063,-0.96613959281,-1.0434163663,-0.14312213074,1.4707081005,0.62125917429,-0.55019565598],[-0.86887931081,0.16536775416,0.71102135651,-1.1117705473,1.3023182757,0.83484659371,1.4595944085,0.99800274645,-1.6215437278,0.38094893743,-1.4477454636,-0.86315269036,0.31505765747,-1.4744029059,-0.53669631895,0.3152381368,-1.2106525578,-0.70337863325,0.93835662363,0.74912710369],[1.8371203631,1.4658303067,0.24817712657,1.6067718279,-0.88078435686,-1.2714483705,-2.1766679103,-1.6666006252,2.5079230335,-0.5987741163,1.5659261928,1.3475813415,0.36197740451,0.85953282254,1.8217996678,0.49795642573,0.32220898779,1.5792186497,-1.3836938609,-1.0214358219],[-0.84667985597,-0.79295504737,0.040403206173,-1.8926777735,1.0190820966,1.1493723887,1.4350907944,2.1950311654,-1.9657880563,-1.4899830324,-1.5319151232,-1.5899194921,1.8344066938,0.66917523381,-2.1023996999,1.0205898704,-0.94243114169,-1.9942356875,0.29953476323,1.2254051343],[-1.9866962387,-1.5990239791,-0.62320106452,-1.8397317645,3.1173765474,1.2949685062,1.9100394037,1.9961283381,-0.71544397273,0.81712088124,-1.5925957403,-2.6110008968,-0.18317254295,-0.41685325253,-1.1335198983,0.23200956123,-0.51025801799,-1.552687664,-0.17812711342,1.4610160226],[0.66182553611,0.80112448356,-0.013293911542,2.2823724523,-1.8320212608,-0.97482855401,1.1269989684,-0.20466026058,2.8817515098,0.90152374263,2.1007395741,1.2440597763,0.39779129137,1.7631762505,1.3560300697,1.099043135,1.469617445,1.4844309487,-1.1885843833,-2.1365022695],[1.1911035873,-0.099673744398,1.5405528765,1.4301000619,-0.76528850866,-0.88976171729,0.29425463055,-1.8498333691,1.950485263,1.1432564612,0.99434844273,0.45259554838,1.5760563087,0.29226422321,0.56375426344,-0.90697518633,-0.52805574047,1.2996044088,1.3945182026,-0.24712223598],[0.82761674801,-1.0608696131,0.23385942039,0.51414953471,-0.49336870562,0.52908741308,-1.2483291557,-1.3719951856,-0.15586753804,-0.60070190981,0.01180403914,0.13744460863,-0.56561857481,0.45907166718,-0.12005574566,-0.54713618012,-0.32640227506,0.024636069466,-0.01204918997,-0.43171758987],[1.3556953415,0.84253107811,-0.18682571426,1.3410698014,-1.2392410038,-1.6919824536,-1.3889087051,-2.1966053997,2.044632078,-1.352158631,0.60408624772,1.9378186873,1.724188299,0.52852686524,1.6955121059,1.4308651558,0.14628072136,0.29339321661,-1.6565685277,-2.1616745768],[-1.4592124647,-1.0669544604,0.33009411488,-0.47179212887,1.7457295576,0.77776871473,0.41441538574,0.56383168329,-0.031862644609,1.4564315238,-0.4071583605,-0.73855367387,-0.14299485173,0.1592137532,-0.47303182965,1.0114463832,-2.3763757141,-0.28466422313,0.75183749965,0.90476178374],[1.4501554329,-0.6173566384,-0.14778146795,-0.71756660233,-0.021593889144,-0.23316519864,-0.77737167216,0.96206007865,-0.11442421741,-0.98698788358,0.2533941461,0.15015140165,-2.6117810421,0.04413335509,-0.23445880804,-0.60881302115,0.09886513154,-0.19017448035,1.0455544789,-1.8624762453],[-0.74569553314,0.73915511555,-0.10172509912,0.35442089173,0.52649346309,-0.83150193447,0.70861781199,-0.12174651817,0.54658625838,0.003586583512,0.28253996484,0.88880442208,0.43962917039,-0.46366626212,0.48410472414,0.50528412015,0.65583553808,1.327552695,-0.32051235678,-0.14241529042],[1.130495233,0.70229514404,0.45693664181,0.16687051882,-0.15724173772,-0.19473634292,-0.61319544861,-0.3710679028,-0.18986024953,0.24746179545,-0.49870045169,0.085352547287,0.52019481573,-0.069424023173,0.052916262579,1.7134574485,-0.43445779184,0.02983503588,-0.97007978778,-0.22358820888],[1.8259458443,-0.43007611466,0.1143744938,1.6995915021,-2.1216642606,-0.66479491025,-0.82794873096,-2.0252060121,2.1972389182,-1.4265078914,2.3506241749,1.328826164,-0.421080438,1.9556611707,1.2720607266,-0.79412732716,0.72141029534,0.99435701699,-0.75396394153,-0.13670475846],[-0.33896888537,1.0010613929,0.019311683962,-0.077740500021,0.06858622213,0.26460030995,-0.66796241307,0.42505675812,1.7301303264,0.1227059598,0.23898053852,-0.029129760992,1.3285029664,-2.0662254875,1.1755762943,-2.7698733791,1.5025656967,0.50262909585,-0.69677792045,-0.34185134897],[1.1058969987,-0.58361018048,-0.46025954221,-0.30276359213,0.19254957103,-0.7200887966,-0.29926143046,0.42738598807,0.41911765732,-0.21847510585,0.14702585811,0.58578985959,-0.10188999928,-0.21761047999,0.30858974646,0.87179725945,-1.37073128,0.39131950863,1.1200918997,-0.51555817818],[-0.66420932176,0.54354718779,0.33769507589,-0.22509913436,-0.54883351834,-0.40409545554,0.0062102863019,0.25922459117,0.99738235291,-0.056623729949,0.25556043304,-0.57144138851,-1.0992017594,1.3947404018,-0.70353215599,0.96944031966,-0.45604675452,0.42888768113,0.071192025656,0.76119644596],[-0.47189587995,0.16690632521,0.98251046467,0.08376033626,0.39445977969,0.65799682338,0.15976534663,0.049963554344,0.62104679771,0.53881487327,-0.14976431181,-0.025326747106,0.97902172421,0.08088494481,0.55969709198,-0.65885355297,0.48804682379,0.25604755508,0.26772948797,-0.81405155559],[-0.63121855356,-0.43327612975,-0.35503456905,-0.037146837533,1.0788073243,-0.13028390651,-0.57818911504,-0.55089684601,0.74291694633,0.30679705648,-0.21854374762,0.24928653943,-1.0307011961,0.48615570573,-0.52434141642,-0.17188880727,-0.032308602592,-0.44405158063,0.31066522431,-0.33729670776],[0.74086053186,-2.1984581195,-0.96122831941,-1.9636131546,0.28346414702,0.80384975969,1.6131513122,1.9982263813,-1.4910705569,0.075341108802,0.13279221376,-1.3409688512,-2.671378669,0.18233109469,-0.35965003427,-0.66590085116,-0.59172998261,-0.37572143597,-0.26981521952,1.7423262548],[-0.10619724368,-0.86358098863,-1.1374333244,-0.62879349886,-0.39718532016,-0.75811741313,-0.6221839548,0.270172157,-0.79628814472,0.8729040672,0.58143764469,-0.3579883994,-0.35995804474,0.058951725337,0.26152586829,-0.91168508682,0.14054226961,-0.41874726153,0.75523822406,0.28902737599],[-0.42132717598,-1.815503217,-1.0616132297,-0.66092443039,-0.079535529609,1.0560159527,2.4925653995,0.59566130367,-0.68346158782,0.16741011185,0.73955607379,-1.0440331977,-1.5671252336,1.9456014649,-0.8224114986,-0.8763269127,0.62593384069,0.42363277857,0.37915923158,0.95230722663],[2.5266719107,-0.70931548362,0.59791417402,1.3403551677,-1.1310263252,-1.9677727316,-0.97804639315,-1.0518691724,1.320872069,-0.034338559474,0.80743633018,0.87649960813,1.5915335393,0.62696742158,0.45855390565,1.4977541243,0.53775240412,1.0653587688,-1.1704849564,-0.4794950905],[-0.014932616176,1.0521999114,0.27193013148,1.1224886337,-1.0133889778,-1.0139815565,1.0019146136,-1.0765066757,1.474065242,0.22494641882,0.92045347002,0.9678016565,1.4457249221,0.78141633927,1.3928897053,-0.92169028843,1.547928304,0.59842041967,-0.26665747095,-1.1016969999],[0.42236369164,0.37371999168,-0.49023271688,0.63188254397,-0.0072311560841,0.14702309793,-0.25267089352,0.017780659913,-0.68345072033,0.39728908018,-0.15375911346,0.33436279619,0.51232907065,0.43529509366,0.3043774441,-0.40904351168,1.0959911397,0.6277805584,-0.43666386648,-0.6049864568],[-0.32406687353,0.11144823988,-0.51771716043,-0.35726106631,0.042991868032,0.44389067577,-0.04324819069,-0.25058907548,-0.22765805282,0.94570740093,0.13974566974,-0.37160507545,-2.234539498,0.20675955106,0.8810619498,0.24612982475,-1.1747235939,0.46057944865,-1.255270573,0.52864132517],[-0.17663799696,0.04079485122,-0.046151620069,0.47851769673,-0.66285099987,-0.14282941067,-0.21764396705,-0.64245275564,-0.33127016161,0.62225340425,0.10786638557,1.0585574662,0.81382004024,1.114208789,0.66107198016,2.4560956896,0.31327898235,0.71223341589,0.43162728705,-1.0799807057],[0.050024346472,-0.028349459053,-0.71148729979,1.221617865,-0.96431118333,-0.72335546948,-0.26257399152,-0.76040762552,0.12227352854,0.30895366377,0.27504779912,0.50970536544,-1.1365529447,1.7088491486,0.42182574114,-0.107242864,-1.1039149561,0.31180168592,1.2774527043,-1.2275114007],[1.2156157205,1.4218573195,1.0329789275,2.708472138,-0.32851761348,-1.4979433887,-0.80502487002,-2.0165890095,1.8884219147,0.85049699767,0.67868778416,1.7844210526,1.4618531797,-1.6209808242,1.047987756,1.2145933994,0.057003513081,0.43765824214,0.23771429769,-2.0915834554],[0.81490355367,1.4342093815,1.4023483173,1.1561498697,-2.5686085753,0.251408917,-1.3519116271,-0.034007440892,0.51669195624,0.6293178825,0.66766383269,0.8467702902,0.63633679577,1.3115993457,0.62437274428,1.915243012,-1.169695359,0.92592692636,-0.062987187748,0.12353565419],[-0.17248840585,-0.0018456203436,3.1654603455,0.097335553849,0.61468422494,0.31076823359,-0.73398473406,0.18133893566,-0.70658934249,0.78814037352,-1.5604563527,-0.72186297344,1.1165884058,-0.82262879222,-0.5534297507,0.077806345003,-1.5491426567,-1.5039945414,0.86964879687,0.020801957451],[-0.3591016834,1.9925414589,-0.30024525199,-0.038831588891,-0.022057450025,0.54759087391,-0.41593478611,1.0082546356,0.29942878049,1.5807129332,-1.0877303012,-0.33265182034,0.61933066706,0.59468093217,-1.4806752217,0.37310603523,-0.46510409401,-0.3596965798,-0.88872805945,1.1433054164],[-0.3498745871,-0.11647930357,0.24610487451,0.85279506889,-0.34959815314,-0.59141592738,-0.99977364236,-0.48493584258,0.88323413389,-1.4270691816,0.92207153752,0.54008956801,1.142058317,-0.3187263244,-0.34432973283,-0.95568277656,1.0965354383,0.75593253496,-3.2682220658,-0.11431636962],[-1.0634156096,-0.29960198886,0.16391453171,-2.6433934083,2.238144564,1.9622609552,1.7897422336,2.8447743838,-1.9858525757,-0.50165273667,-1.5237222892,-2.0026015515,-1.8737862324,-1.9490630815,-1.3201061493,-0.43294836053,-1.6057249911,-0.90850602847,0.20653510589,1.0968037508],[0.76113415819,-0.20940510181,-0.2004352394,0.021614198448,-0.42422389594,-0.21381177081,1.0295203268,0.24722240987,-0.38681536589,0.55279396851,0.34300097364,-0.75453205025,1.0235442583,1.4729738773,-0.87862053061,-0.98963940187,-0.4977602685,-0.90358117023,-0.65893980141,0.83451569047],[0.39954658441,-2.5194965827,0.36005788406,-0.85745637188,0.73631975191,0.93784507976,1.5868927912,0.53851345177,-0.5458753606,-0.36826870868,0.41910509882,-0.54647037314,0.25901603419,1.6440671195,-1.5135275509,0.64754655535,-0.76897563135,-0.61236693889,-0.77050042964,0.11623093811],[-1.3525781635,-0.4556386711,0.21852753097,-1.1797173053,1.395482309,0.29782690577,2.0895739056,0.31095007269,-0.99078115585,-2.3261348317,-0.20884997949,-0.48718813599,0.26271861988,0.12338058138,0.079573364627,0.66479729189,0.17249030135,-1.5550190305,-0.12782620994,0.32563207716],[-1.1055305395,-0.24175488689,-1.1171601942,-1.2075645806,-0.24964982066,0.1437556173,-0.018655431595,0.73914409539,0.056837591497,-0.83931856401,0.054014449833,-0.90104371442,-0.44971201871,-0.27945669092,-0.88023515325,-1.3300209939,-0.37921415833,-0.33317931613,-0.74476865456,1.4653167179],[2.0067381633,0.028098818044,-0.076625413172,2.1839445903,-2.5426187415,-1.3289426001,-2.5889700798,-1.8792512866,1.6368990904,-0.41195580072,1.751964921,1.9144845096,0.47560649546,1.1983653528,1.8559000339,1.3340402159,2.7991668275,1.9980177418,-0.95745191445,-1.8714384265],[0.45708540087,-0.28154059893,-1.0611803266,1.7796215029,-0.97958343248,-0.84732192661,-1.8465763842,-1.328105793,0.98437647434,1.1936217211,0.87909922497,1.3900293075,2.8184781807,-0.13800450831,0.87462599078,0.70379653249,-0.82034316024,1.2572487713,-0.042108284015,-0.16477446469],[-0.044979670817,-0.63374706608,-0.22197391857,0.76758002731,0.16040276916,-0.59613916157,-0.8730349682,-1.2153383107,-0.70172885568,-0.1349213253,0.60598765453,0.24087765323,2.8951933796,0.13512067398,-0.42640124604,-0.15735956681,-0.24608543776,-0.13700682668,2.3336446229,-1.015789741],[0.93889890043,1.5349474435,-0.44184508489,1.0510996898,-0.49597601911,-0.5746462664,-0.94293965431,-0.39230791527,1.4818181348,1.3318491307,0.024208027997,0.87815738035,2.4236312042,-1.2846126788,0.22417671233,1.0238243338,0.83144741403,0.47938229055,-0.13703068511,-1.0901444743],[-0.49464197092,0.39396358412,-0.67303986952,-0.67923315182,2.0638901629,0.89534448835,0.81268718229,1.2804579591,-0.44458360908,1.4397921322,-0.9563192026,-1.0449847019,-0.75605240825,-0.055972395125,-0.4716944,-0.29897903777,-0.60206929264,-0.31010193864,0.047918218162,0.86682520794],[-1.1393774204,-1.0032389003,0.083720110692,-1.0495156963,0.49750277505,1.7557252188,0.62368032781,1.3896840531,-1.9479971342,1.109731282,-2.4242477631,-1.0723753092,-1.2640041955,-0.14016873586,-1.5787055363,0.11888502207,-1.788693252,-1.3716444034,1.0203700138,-1.331589678],[1.1078273788,0.43403563344,1.5876140315,1.1652011472,-0.94110444711,-0.89459464174,-1.0507750093,-0.14848892798,0.2862214963,0.9227402478,0.019830425938,0.6210284355,0.63512062285,0.91266093837,0.4826117716,-0.79951556599,0.65169039733,0.63957147751,0.35679728423,0.36561997171],[0.089789362166,-1.3920429064,0.49986357517,-0.27314736674,-0.17762167502,0.86350558095,0.088877243279,-0.17280437508,0.94431078906,0.91814692025,0.74173445529,-0.47663508158,-0.25659581275,0.81203694905,1.0809269297,0.44454627273,0.11321198529,-0.22367735436,1.801903184,0.77554351482],[0.32522318204,0.0070966657407,-0.96749316159,-0.16614426905,-0.050185347206,-0.83173587252,0.6053768927,0.52979562287,0.50954193898,-1.4464980409,0.91871250265,-0.068104279189,-0.83418982053,-0.64507039481,-0.36496113454,-1.469829969,0.79588828991,-0.034036141394,0.91626694883,0.45975674491],[-0.60772959462,-0.43917216821,-0.83798647486,-1.274882418,1.051159926,0.3777821237,1.0343442853,1.0128046559,-1.3652643349,-0.5124007974,-0.93814901642,-1.0212195477,-0.54697096343,-0.33836966503,-0.97359953221,0.68729563371,-1.5573440074,-1.6773618904,-0.12828097913,1.1878338598],[-0.71866849764,0.51295300506,-0.63525451269,-0.042204533051,-0.22578197917,0.4009223378,0.7397056303,0.61136407186,-0.073355593101,-0.10111482587,-0.3013889256,0.32515743244,-0.83943088651,-0.58086676398,0.81765414259,-0.79088210362,-1.0506088742,0.97663549115,-0.10645955753,-0.11519648779],[1.0541238572,2.107058729,-0.19213853369,3.2623883106,-1.8440308595,-3.7590442307,-1.5351843005,-3.421673955,2.7536633772,1.0523920397,2.4356604141,3.2176000454,2.273381646,1.0924436698,1.4470614146,-0.008976489167,0.085704286676,1.9330810416,-0.24072672129,-1.2243873832],[0.6863000876,-0.088855850449,-0.5656920321,1.7883800071,-2.0903925151,-0.43097391477,0.54919840692,-1.5339188987,1.5495305271,-2.254323977,1.5987209464,1.1436197964,1.0249712608,0.10909279475,0.73286002839,1.2793581561,0.72651220933,1.0367600995,0.40311920185,-0.317742871],[1.7651544822,-0.17817884174,0.32577645562,-0.58798330953,0.70275067148,-0.25899283074,-0.059595027016,0.67241617602,-0.87020610675,-0.51561571801,0.033344307943,-0.82172262371,-0.23963402684,0.16869547232,-0.44180730537,-1.8822799159,0.80702100948,0.21316024953,0.50624657847,1.7497272885],[1.9922960861,-0.45290600845,-0.8123930372,0.24268847742,-1.0821586121,-1.4153811812,0.8093371072,-0.90285868685,1.1155298261,-1.3351730857,1.7433350986,1.166892703,0.10766743919,1.4028508128,1.2234624047,0.95949529316,-0.97994983454,0.57197990933,-1.6534214588,0.40022556234],[1.5616024075,3.0419887459,-0.86460620126,2.3814948427,-1.4172830735,-0.82742856582,-0.98220005511,-1.6397444637,1.3078901952,1.5424842045,0.3781719689,0.91374160649,0.83721899689,2.3100037825,1.2573018568,0.37058512215,0.0531903726,0.25735503628,-1.1079787464,-0.64802237635],[1.7280552747,-0.83596876776,-0.61140168166,1.1492726079,-1.8257710105,-1.3447509059,-0.80086821321,-1.4463071819,0.46227564299,0.76247618676,1.1106212164,0.9819351523,0.15761361911,-0.32660058628,1.1722794287,0.86647044021,0.02059399957,1.4755342776,0.90921958788,-1.7000533305],[-1.2047371457,0.20358137635,0.41743716565,-0.98467803843,1.3561996032,0.34939653413,0.7841705062,0.45871068267,-1.2130258379,0.40652851095,-1.0935141823,-1.0835504698,0.021409977264,-2.2622987846,-1.2782690863,1.6206400954,-0.65215509814,-0.48268711679,-0.86323380006,1.0255828562],[1.2253335239,-1.3075277695,-0.0296329,-0.247680652,0.05717793807,-0.94714960829,-0.19941607733,-0.28371418793,1.2433825527,-0.62120122636,1.2827458639,0.48190213106,-0.37215437269,-0.41118735904,1.0101585372,-1.2284959522,0.52533545071,1.0207655617,-1.0128632302,0.16167900501],[-0.70856206095,0.69326854184,1.4028896247,0.12420463441,0.42155354833,0.908452744,-0.31985433862,1.1271619695,0.58622213987,-0.7755060481,-0.7885580256,-0.20186535421,1.2514631737,1.5055287238,-0.14105996793,-1.6298988364,-2.3068770051,-0.62323229384,-1.0277275204,0.31291083979],[0.45871262418,0.28836209428,1.0553575371,0.10011194506,-1.031780924,-0.08734754349,0.13927443655,-0.31386236243,-0.57922538603,-0.67005630502,-0.04841736376,-0.24827925885,0.22275961398,-0.45475129533,-1.1797497391,0.28685964419,-0.99562022211,-0.32565666168,1.629868998,0.72928751938],[0.71739668417,2.4142521414,1.3614027978,0.19030156606,-0.68271744074,0.98754852939,0.52868143955,-1.0683736566,0.65629933755,0.11303476327,-0.26086472728,0.20183599327,-0.89691266485,-0.6671368854,-0.12743711104,0.19352888636,-0.62182917774,-0.34086726954,-0.14697593829,0.96580181699],[-0.72596390541,-0.20503982732,0.17304704306,0.69061100975,-0.47345996722,-0.43032211256,-0.49164283914,0.59635511975,0.54943503459,0.6644666539,-0.53935996164,0.43160047562,0.27921237781,0.38735513226,-0.64028084796,-1.1903172172,0.59195130195,-0.13478748493,0.65119555418,-0.92960589357],[-1.543673854,-0.4041490156,0.29634248653,-0.36861767686,0.52934115819,1.0080917987,1.0027803678,1.1839196056,-1.0835807902,-0.32378562812,-2.03540937,-0.82358215587,1.5572867929,-2.2539446067,-1.3826702845,0.4470248878,-1.4914678664,-1.2186179673,1.9563323123,-0.24820826824],[-0.26945303155,1.1647712074,-1.2189649242,1.4861829249,-1.7409804944,-0.58302789572,-0.013629987125,-1.0901256288,0.59505685419,-0.13142112256,0.55109915611,0.99807766355,0.3675191528,1.1647765894,0.26749090654,-0.058103117515,1.2441438639,0.89486654019,0.11983703758,-0.71963046199],[-0.080616107326,0.36370589155,0.25121685939,0.11505249878,-0.64790857979,-0.54783117337,0.011421844322,-0.46399067004,0.15740724745,-0.58486808949,1.0140633239,0.42061680084,0.95745683611,0.92731405774,-4.2003180107e-05,0.28825908008,-0.43321488918,1.4136294096,-0.50301286796,0.088479000056],[-0.73282267924,-0.18305634177,-1.8670692924,-0.6401935439,-0.47230674542,-0.35217427275,-0.46783220897,0.16113074568,-0.78727050822,-2.0256929378,0.32731568675,0.73580352595,0.43116428736,-0.92494756363,0.30099826185,0.66201568119,0.50097603203,0.84173536435,0.23801615153,0.32573525728],[1.0515551644,-1.0081967807,-0.54210859859,0.75300636792,-0.032458466866,-2.0176409684,1.4594972071,-1.5916322452,1.7625212157,-1.8986760563,1.5680282081,1.5825479518,-0.0052539606996,0.32490251647,1.0436711364,1.5273197056,0.84303120902,1.4801007522,-0.33436762177,-1.2227708064],[-0.6817454512,0.59171999979,2.932451456,-0.64707076105,0.10564750524,1.6912417152,-0.1353000803,0.71607951561,-1.9029299725,1.986184696,-1.7388864133,-0.7488917226,1.580372817,-0.12587085192,-1.08111767,-0.6122554368,0.49918648329,-1.1594227631,0.094546785115,-0.163877409]],"cov":[[1,0.27491874378,-0.1766386184,0.50524645233,-0.5234893563,-0.53830202072,-0.19441288599,-0.53321955582,0.50535726666,-0.21307206996,0.65537868321,0.61035641561,0.14892061432,0.23273844483,0.51364571311,0.22709111278,0.33689254166,0.53905665553,-0.14966777031,-0.34732050081],[0.27491874378,1,0.030457944742,0.56572018304,-0.42679196173,-0.44357913463,-0.32623715885,-0.48503407308,0.40770781502,-0.071030555376,0.29363875771,0.55687921939,0.25286139636,0.092491457826,0.40329840348,0.28089010927,0.22993682999,0.39970897567,-0.067057808362,-0.43105044769],[-0.1766386184,0.030457944742,1,0.036358586211,0.10537363303,0.11155034805,-0.073766017081,0.088784762766,-0.10823838269,0.1690158366,-0.30527991602,-0.14567949887,0.079667492919,-0.063537116282,-0.13396884219,-0.018154264446,-0.11828763831,-0.15400196371,0.069716280864,-0.0096967543031],[0.50524645233,0.56572018304,0.036358586211,1,-0.76705451379,-0.78294301182,-0.49820161596,-0.81689131866,0.72830199962,-0.075863252097,0.63312749288,0.85339712609,0.42465533367,0.30779464711,0.69555451164,0.38610411656,0.39897179982,0.70454920165,-0.14458630195,-0.660040565],[-0.5234893563,-0.42679196173,0.10537363303,-0.76705451379,1,0.69813031716,0.34319023051,0.7090781389,-0.65254486682,0.1777833649,-0.71467886491,-0.77745048943,-0.28092589789,-0.28849350345,-0.64447085033,-0.31834965067,-0.39855561084,-0.66559286128,0.16321005693,0.51602520948],[-0.53830202072,-0.44357913463,0.11155034805,-0.78294301182,0.69813031716,1,0.35443130656,0.72994387196,-0.66921543412,0.18977354743,-0.73027638717,-0.80786228692,-0.28658957898,-0.28611162086,-0.66344922707,-0.33379554469,-0.41100115603,-0.68446163674,0.16677203787,0.53446025261],[-0.19441288599,-0.32623715885,-0.073766017081,-0.49820161596,0.34319023051,0.35443130656,1,0.39133857068,-0.32535247965,0.011819059195,-0.18897397044,-0.42777935583,-0.23630253519,-0.081084782529,-0.31188604856,-0.22463329639,-0.16731995703,-0.30548856271,0.043155680107,0.36259158815],[-0.53321955582,-0.48503407308,0.088784762766,-0.81689131866,0.7090781389,0.72994387196,0.39133857068,1,-0.67964725035,0.18523569009,-0.69907298491,-0.84445213838,-0.31131540751,-0.26243181474,-0.67509254561,-0.36448020256,-0.41325945955,-0.69159627903,0.15964616735,0.57456292195],[0.50535726666,0.40770781502,-0.10823838269,0.72830199962,-0.65254486682,-0.66921543412,-0.32535247965,-0.67964725035,1,-0.17783817576,0.69047574493,0.74951931624,0.26440445275,0.27358945171,0.61955181354,0.30655573819,0.38461164952,0.64013270478,-0.15768282955,-0.4932178211],[-0.21307206996,-0.071030555376,0.1690158366,-0.075863252097,0.1777833649,0.18977354743,0.011819059195,0.18523569009,-0.17783817576,1,-0.31549134392,-0.27169070095,0.020109455482,-0.045484289276,-0.20630814861,-0.095332272169,-0.15600851135,-0.22087144432,0.072048248145,0.096718455754],[0.65537868321,0.29363875771,-0.30527991602,0.63312749288,-0.71467886491,-0.73027638717,-0.18897397044,-0.69907298491,0.69047574493,-0.31549134392,1,0.78184803648,0.15164497851,0.38104994574,0.70043891217,0.25203385378,0.47238567871,0.74676919712,-0.22836838326,-0.39901393831],[0.61035641561,0.55687921939,-0.14567949887,0.85339712609,-0.77745048943,-0.80786228692,-0.42777935583,-0.84445213838,0.74951931624,-0.27169070095,0.78184803648,1,0.31514563921,0.23048425941,0.7642887849,0.44275560627,0.47767785845,0.78085631248,-0.17854937205,-0.65252577694],[0.14892061432,0.25286139636,0.079667492919,0.42465533367,-0.28092589789,-0.28658957898,-0.23630253519,-0.31131540751,0.26440445275,0.020109455482,0.15164497851,0.31514563921,1,0.09428353855,0.2444926774,0.16247810059,0.12642723542,0.24036250228,-0.034630918572,-0.28398257393],[0.23273844483,0.092491457826,-0.063537116282,0.30779464711,-0.28849350345,-0.28611162086,-0.081084782529,-0.26243181474,0.27358945171,-0.045484289276,0.38104994574,0.23048425941,0.09428353855,1,0.25438473818,0.053409789908,0.16120566115,0.2743875171,-0.087019760049,-0.13771124469],[0.51364571311,0.40329840348,-0.13396884219,0.69555451164,-0.64447085033,-0.66344922707,-0.31188604856,-0.67509254561,0.61955181354,-0.20630814861,0.70043891217,0.7642887849,0.2444926774,0.25438473818,1,0.31347867206,0.39126354484,0.64262530492,-0.15995810194,-0.48749280425],[0.22709111278,0.28089010927,-0.018154264446,0.38610411656,-0.31834965067,-0.33379554469,-0.22463329639,-0.36448020256,0.30655573819,-0.095332272169,0.25203385378,0.44275560627,0.16247810059,0.053409789908,0.31347867206,1,0.18754076587,0.31273121964,-0.057556563716,-0.31582926544],[0.33689254166,0.22993682999,-0.11828763831,0.39897179982,-0.39855561084,-0.41100115603,-0.16731995703,-0.41325945955,0.38461164952,-0.15600851135,0.47238567871,0.47767785845,0.12642723542,0.16120566115,0.39126354484,0.18754076587,1,0.40767077737,-0.10787795372,-0.28341021525],[0.53905665553,0.39970897567,-0.15400196371,0.70454920165,-0.66559286128,-0.68446163674,-0.30548856271,-0.69159627903,0.64013270478,-0.22087144432,0.74676919712,0.78085631248,0.24036250228,0.2743875171,0.64262530492,0.31273121964,0.40767077737,1,-0.17053847422,-0.48798814413],[-0.14966777031,-0.067057808362,0.069716280864,-0.14458630195,0.16321005693,0.16677203787,0.043155680107,0.15964616735,-0.15768282955,0.072048248145,-0.22836838326,-0.17854937205,-0.034630918572,-0.087019760049,-0.15995810194,-0.057556563716,-0.10787795372,-0.17053847422,1,0.09112216799],[-0.34732050081,-0.43105044769,-0.0096967543031,-0.660040565,0.51602520948,0.53446025261,0.36259158815,0.57456292195,-0.4932178211,0.096718455754,-0.39901393831,-0.65252577694,-0.28398257393,-0.13771124469,-0.48749280425,-0.31582926544,-0.28341021525,-0.48798814413,0.09112216799,1]],"inv.cov":[[1.8321833165,0,0,0,0,0,0,0,0,0,-0.83980864419,-0.46168210232,0,0,0,0,0,0,0,0],[0,1.6246350817,0,-0.47184732437,0,0,0,0,0,0,0.55108006562,-0.93291323275,0,0,0,0,0,0,0,0],[0,0,1.2383863936,-0.66311811725,0,0,0,0,0,0,0.55154051205,0.31508973836,0,0,0,0,0,0,0,0],[0,-0.47184732437,-0.66311811725,7.9518324076,1.3187541113,1.3412244522,0.63212984075,1.5069385758,-0.97201652224,-0.66814131993,1.1862766971,-1.715002955,-0.6884572139,-0.61297343355,-0.51465436428,0,0,-0.55986239168,0,0.68177767271],[0,0,0,1.3187541113,3.1374214049,0,0,0,0,0,0.97794790531,0.54916218858,0,0,0,0,0,0,0,0],[0,0,0,1.3412244522,0,3.5276276643,0,0,0,0,1.0129265202,0.91328564848,0,0,0,0,0,0,0,0],[0,0,0,0.63212984075,0,0,1.4111676424,0,0,0,-0.4727072436,0.43379582588,0,0,0,0,0,0,0,0],[0,0,0,1.5069385758,0,0,0,4.0638841919,0,0,0.53825190803,1.7249074488,0,0,0,0,0,0,0,0],[0,0,0,-0.97201652224,0,0,0,0,2.6700024815,0,-0.80282337936,-0.5440164449,0,0,0,0,0,0,0,0],[0,0,0,-0.66814131993,0,0,0,0,0,1.2217629576,0.26534834034,0.69466943771,0,0,0,0,0,0,0,0],[-0.83980864419,0.55108006562,0.55154051205,1.1862766971,0.97794790531,1.0129265202,-0.4727072436,0.53825190803,-0.80282337936,0.26534834034,5.9492295406,-1.6149237703,0.24554841645,-0.71497741538,-0.74452220905,0.31000539408,-0.34080785959,-1.1012964241,0.24093357986,-0.50099178886],[-0.46168210232,-0.93291323275,0.31508973836,-1.715002955,0.54916218858,0.91328564848,0.43379582588,1.7249074488,-0.5440164449,0.69466943771,-1.6149237703,10.5906362108,0,0.787166783,-0.99827266939,-0.80916134076,-0.37329835115,-1.0050173495,0,1.0894856022],[0,0,0,-0.6884572139,0,0,0,0,0,0,0.24554841645,0,1.2551208436,0,0,0,0,0,0,0],[0,0,0,-0.61297343355,0,0,0,0,0,0,-0.71497741538,0.787166783,0,1.279682494,0,0,0,0,0,0],[0,0,0,-0.51465436428,0,0,0,0,0,0,-0.74452220905,-0.99827266939,0,0,2.6424310967,0,0,0,0,0],[0,0,0,0,0,0,0,0,0,0,0.31000539408,-0.80916134076,0,0,0,1.2801288658,0,0,0,0],[0,0,0,0,0,0,0,0,0,0,-0.34080785959,-0.37329835115,0,0,0,0,1.339309109,0,0,0],[0,0,0,-0.55986239168,0,0,0,0,0,0,-1.1012964241,-1.0050173495,0,0,0,0,0,3.0016389891,0,0],[0,0,0,0,0,0,0,0,0,0,0.24093357986,0,0,0,0,0,0,0,1.0550216121,0],[0,0,0,0.68177767271,0,0,0,0,0,0,-0.50099178886,1.0894856022,0,0,0,0,0,0,0,1.9610156526]],"n":[100],"p":[5],"q":[15],"S":[[1,0.1153816796,0.0084783231071,0.48974739357,-0.49793924294,-0.54687227108,-0.37145085418,-0.60390636648,0.53462451428,-0.11453747943,0.62551731399,0.61025160867,0.085920132706,0.29615041279,0.60029874926,0.14028199682,0.34945776501,0.53204799774,-0.242376391,-0.37035717634],[0.1153816796,1,0.12235694461,0.55008144585,-0.40920672312,-0.31131079053,-0.37410322552,-0.32029442072,0.37405790329,0.28547767322,0.037295481481,0.41876579077,0.32873126646,0.0038703485236,0.3392397361,0.18960691215,0.20658755703,0.36759423356,-0.18325266515,-0.36804085168],[0.0084783231071,0.12235694461,1,0.015608740767,0.055586147947,0.13763360984,-0.1500975342,0.067414466898,-0.075688345824,0.15641611607,-0.25998984036,-0.079493994682,0.090674191456,-0.09184148821,-0.11640983659,0.011465332705,-0.07586903625,-0.18756727613,-0.066257640985,0.044610947737],[0.48974739357,0.55008144585,0.015608740767,1,-0.81343065958,-0.75559163806,-0.55536107972,-0.81450710516,0.7950202717,0.14585710701,0.61032242902,0.85991079214,0.4773226767,0.31988626787,0.68488567581,0.28074208724,0.45508319135,0.72675405235,-0.18087964072,-0.71100115083],[-0.49793924294,-0.40920672312,0.055586147947,-0.81343065958,1,0.6759207415,0.50929569125,0.69995672922,-0.64072853957,0.0017797558992,-0.66908081642,-0.76331154544,-0.26690224766,-0.40390433913,-0.61253770118,-0.24853537334,-0.43981708783,-0.6962159528,0.14483963948,0.55790729182],[-0.54687227108,-0.31131079053,0.13763360984,-0.75559163806,0.6759207415,1,0.44821973322,0.71367110018,-0.73061398137,0.13416554112,-0.75090049684,-0.82807869187,-0.23205105405,-0.16781211356,-0.69912423996,-0.2610618767,-0.54351219904,-0.71874535549,0.22454075034,0.56969350985],[-0.37145085418,-0.37410322552,-0.1500975342,-0.55536107972,0.50929569125,0.44821973322,1,0.49920561446,-0.3778316446,-0.15246424783,-0.23854416443,-0.53139361576,-0.26259505454,-0.01707338862,-0.41248257648,-0.12321667424,-0.16094920565,-0.39424803929,0.20148266006,0.38949210998],[-0.60390636648,-0.32029442072,0.067414466898,-0.81450710516,0.69995672922,0.71367110018,0.49920561446,1,-0.73389850561,0.046629987214,-0.70144268146,-0.82921168781,-0.37764762128,-0.25561257381,-0.70128818657,-0.30586407703,-0.42116372807,-0.69118928915,0.20440707288,0.59069330673],[0.53462451428,0.37405790329,-0.075688345824,0.7950202717,-0.64072853957,-0.73061398137,-0.3778316446,-0.73389850561,1,-0.025949619578,0.73469152894,0.78827533535,0.25462636204,0.31814366335,0.7372478448,0.13818041941,0.52042200459,0.71805437348,-0.29456381569,-0.57063998419],[-0.11453747943,0.28547767322,0.15641611607,0.14585710701,0.0017797558992,0.13416554112,-0.15246424783,0.046629987214,-0.025949619578,1,-0.25466632086,-0.1068104548,0.16738342901,0.11449163886,-0.09281422546,-0.042009390258,-0.097606059483,-0.0067530310344,0.14291854452,-0.067194719106],[0.62551731399,0.037295481481,-0.25998984036,0.61032242902,-0.66908081642,-0.75090049684,-0.23854416443,-0.70144268146,0.73469152894,-0.25466632086,1,0.73172367123,0.086605932912,0.39975078647,0.73279536637,0.13103854362,0.53345201585,0.74438304523,-0.22470962955,-0.3875963992],[0.61025160867,0.41876579077,-0.079493994682,0.85991079214,-0.76331154544,-0.82807869187,-0.53139361576,-0.82921168781,0.78827533535,-0.1068104548,0.73172367123,1,0.32984441187,0.22360888876,0.78789003636,0.36957539253,0.52693349495,0.80713530356,-0.27637802201,-0.7218449524],[0.085920132706,0.32873126646,0.090674191456,0.4773226767,-0.26690224766,-0.23205105405,-0.26259505454,-0.37764762128,0.25462636204,0.16738342901,0.086605932912,0.32984441187,1,0.073570012468,0.15520938906,0.19245285261,0.098803030841,0.19055836172,0.036295261